{
 "cells": [
  {
   "cell_type": "code",
   "execution_count": 1,
   "metadata": {},
   "outputs": [],
   "source": [
    "import os\n",
    "import copy\n",
    "import numpy as np\n",
    "import os\n",
    "import json\n",
    "import glob\n",
    "import random\n"
   ]
  },
  {
   "cell_type": "code",
   "execution_count": null,
   "metadata": {},
   "outputs": [],
   "source": [
    "# file_path = '/home/shahpouriz/Data/DBP_CTs/DBP_OP042_coordination_data.json'"
   ]
  },
  {
   "cell_type": "code",
   "execution_count": 10,
   "metadata": {},
   "outputs": [
    {
     "name": "stdout",
     "output_type": "stream",
     "text": [
      "{'exam_name': 'rCTp3', 'plans': {'iteration1': {'plan_name': 'A1PHH', 'planning_exam_name': 'pCTp0', 'repeatedCT_name': 'rCTp3', 'transformation_matrix': [0.9999779584857218, -0.0022313662215612093, 0.00625328293884881, 16.21805685184188, 0.00239968184506036, 0.9996314883010093, -0.02703939947838101, -132.37931310324763, -0.006190643728281387, 0.02705380937861172, 0.9996148094782986, -4.3804728850925665, 0.0, 0.0, 0.0, 1.0], 'final_translation_coordinate': {'x': 14.800062566201708, 'y': -14.72901457405614, 'z': -6.876011881356697}, 'planningCT_filename': '//zkh/AppData/RT-Meetdata/GPTC/13 Research & Testing/DoseBasedPositioning/Project_data/Test\\\\DBP_OP009\\\\A1PHH\\\\iteration1\\\\pCTp0', 'repeatedCT_filename': '//zkh/AppData/RT-Meetdata/GPTC/13 Research & Testing/DoseBasedPositioning/Project_data/Test\\\\DBP_OP009\\\\A1PHH\\\\iteration1\\\\rCTp3'}, 'iteration2': {'plan_name': 'A1PHH', 'planning_exam_name': 'pCTp0', 'repeatedCT_name': 'rCTp3', 'transformation_matrix': [0.9999779584857218, -0.0022313662215612093, 0.00625328293884881, -10.81310017936763, 0.00239968184506036, 0.9996314883010093, -0.02703939947838101, -121.63443440736486, -0.006190643728281387, 0.02705380937861172, 0.9996148094782986, -10.863957155754074, 0.0, 0.0, 0.0, 1.0], 'final_translation_coordinate': {'x': -12.231094465007802, 'y': -3.984135878173377, 'z': -13.359496152018204}, 'planningCT_filename': '//zkh/AppData/RT-Meetdata/GPTC/13 Research & Testing/DoseBasedPositioning/Project_data/Test\\\\DBP_OP009\\\\A1PHH\\\\iteration2\\\\pCTp0', 'repeatedCT_filename': '//zkh/AppData/RT-Meetdata/GPTC/13 Research & Testing/DoseBasedPositioning/Project_data/Test\\\\DBP_OP009\\\\A1PHH\\\\iteration2\\\\rCTp3'}, 'iteration3': {'plan_name': 'A1PHH', 'planning_exam_name': 'pCTp0', 'repeatedCT_name': 'rCTp3', 'transformation_matrix': [0.9999779584857218, -0.0022313662215612093, 0.00625328293884881, 13.724621910773687, 0.00239968184506036, 0.9996314883010093, -0.02703939947838101, -127.44722409157539, -0.006190643728281387, 0.02705380937861172, 0.9996148094782986, -5.071126062875492, 0.0, 0.0, 0.0, 1.0], 'final_translation_coordinate': {'x': 12.306627625133515, 'y': -9.796925562383912, 'z': -7.5666650591396225}, 'planningCT_filename': '//zkh/AppData/RT-Meetdata/GPTC/13 Research & Testing/DoseBasedPositioning/Project_data/Test\\\\DBP_OP009\\\\A1PHH\\\\iteration3\\\\pCTp0', 'repeatedCT_filename': '//zkh/AppData/RT-Meetdata/GPTC/13 Research & Testing/DoseBasedPositioning/Project_data/Test\\\\DBP_OP009\\\\A1PHH\\\\iteration3\\\\rCTp3'}, 'iteration4': {'plan_name': 'A1PHH', 'planning_exam_name': 'pCTp0', 'repeatedCT_name': 'rCTp3', 'transformation_matrix': [0.9999779584857218, -0.0022313662215612093, 0.00625328293884881, -11.02103069727988, 0.00239968184506036, 0.9996314883010093, -0.02703939947838101, -121.83338688301987, -0.006190643728281387, 0.02705380937861172, 0.9996148094782986, 2.014815020811932, 0.0, 0.0, 0.0, 1.0], 'final_translation_coordinate': {'x': -12.43902498292005, 'y': -4.183088353828389, 'z': -0.4807239754521986}, 'planningCT_filename': '//zkh/AppData/RT-Meetdata/GPTC/13 Research & Testing/DoseBasedPositioning/Project_data/Test\\\\DBP_OP009\\\\A1PHH\\\\iteration4\\\\pCTp0', 'repeatedCT_filename': '//zkh/AppData/RT-Meetdata/GPTC/13 Research & Testing/DoseBasedPositioning/Project_data/Test\\\\DBP_OP009\\\\A1PHH\\\\iteration4\\\\rCTp3'}, 'iteration5': {'plan_name': 'A1PHH', 'planning_exam_name': 'pCTp0', 'repeatedCT_name': 'rCTp3', 'transformation_matrix': [0.9999779584857218, -0.0022313662215612093, 0.00625328293884881, -12.696717707929409, 0.00239968184506036, 0.9996314883010093, -0.02703939947838101, -130.8801385087818, -0.006190643728281387, 0.02705380937861172, 0.9996148094782986, -12.432847170141002, 0.0, 0.0, 0.0, 1.0], 'final_translation_coordinate': {'x': -14.114711993569578, 'y': -13.229839979590308, 'z': -14.928386166405133}, 'planningCT_filename': '//zkh/AppData/RT-Meetdata/GPTC/13 Research & Testing/DoseBasedPositioning/Project_data/Test\\\\DBP_OP009\\\\A1PHH\\\\iteration5\\\\pCTp0', 'repeatedCT_filename': '//zkh/AppData/RT-Meetdata/GPTC/13 Research & Testing/DoseBasedPositioning/Project_data/Test\\\\DBP_OP009\\\\A1PHH\\\\iteration5\\\\rCTp3'}, 'iteration6': {'plan_name': 'A1PHH', 'planning_exam_name': 'pCTp0', 'repeatedCT_name': 'rCTp3', 'transformation_matrix': [0.9999779584857218, -0.0022313662215612093, 0.00625328293884881, 9.596239249523537, 0.00239968184506036, 0.9996314883010093, -0.02703939947838101, -126.00704525736184, -0.006190643728281387, 0.02705380937861172, 0.9996148094782986, 15.609557220437189, 0.0, 0.0, 0.0, 1.0], 'final_translation_coordinate': {'x': 8.178244963883367, 'y': -8.356746728170343, 'z': 13.114018224173059}, 'planningCT_filename': '//zkh/AppData/RT-Meetdata/GPTC/13 Research & Testing/DoseBasedPositioning/Project_data/Test\\\\DBP_OP009\\\\A1PHH\\\\iteration6\\\\pCTp0', 'repeatedCT_filename': '//zkh/AppData/RT-Meetdata/GPTC/13 Research & Testing/DoseBasedPositioning/Project_data/Test\\\\DBP_OP009\\\\A1PHH\\\\iteration6\\\\rCTp3'}, 'iteration7': {'plan_name': 'A1PHH', 'planning_exam_name': 'pCTp0', 'repeatedCT_name': 'rCTp3', 'transformation_matrix': [0.9999779584857218, -0.0022313662215612093, 0.00625328293884881, -2.5390307672229175, 0.00239968184506036, 0.9996314883010093, -0.02703939947838101, -108.62571389999395, -0.006190643728281387, 0.02705380937861172, 0.9996148094782986, -11.737165380472325, 0.0, 0.0, 0.0, 1.0], 'final_translation_coordinate': {'x': -3.957025052863088, 'y': 9.024584629197536, 'z': -14.232704376736455}, 'planningCT_filename': '//zkh/AppData/RT-Meetdata/GPTC/13 Research & Testing/DoseBasedPositioning/Project_data/Test\\\\DBP_OP009\\\\A1PHH\\\\iteration7\\\\pCTp0', 'repeatedCT_filename': '//zkh/AppData/RT-Meetdata/GPTC/13 Research & Testing/DoseBasedPositioning/Project_data/Test\\\\DBP_OP009\\\\A1PHH\\\\iteration7\\\\rCTp3'}, 'iteration8': {'plan_name': 'A1PHH', 'planning_exam_name': 'pCTp0', 'repeatedCT_name': 'rCTp3', 'transformation_matrix': [0.9999779584857218, -0.0022313662215612093, 0.00625328293884881, -4.426144847711468, 0.00239968184506036, 0.9996314883010093, -0.02703939947838101, -116.56655238462284, -0.006190643728281387, 0.02705380937861172, 0.9996148094782986, -6.120320032410007, 0.0, 0.0, 0.0, 1.0], 'final_translation_coordinate': {'x': -5.844139133351639, 'y': 1.0837461445686547, 'z': -8.615859028674137}, 'planningCT_filename': '//zkh/AppData/RT-Meetdata/GPTC/13 Research & Testing/DoseBasedPositioning/Project_data/Test\\\\DBP_OP009\\\\A1PHH\\\\iteration8\\\\pCTp0', 'repeatedCT_filename': '//zkh/AppData/RT-Meetdata/GPTC/13 Research & Testing/DoseBasedPositioning/Project_data/Test\\\\DBP_OP009\\\\A1PHH\\\\iteration8\\\\rCTp3'}, 'iteration9': {'plan_name': 'A1PHH', 'planning_exam_name': 'pCTp0', 'repeatedCT_name': 'rCTp3', 'transformation_matrix': [0.9999779584857218, -0.0022313662215612093, 0.00625328293884881, -9.883904077876279, 0.00239968184506036, 0.9996314883010093, -0.02703939947838101, -118.7074816845213, -0.006190643728281387, 0.02705380937861172, 0.9996148094782986, -12.242099698823147, 0.0, 0.0, 0.0, 1.0], 'final_translation_coordinate': {'x': -11.30189836351645, 'y': -1.0571831553298128, 'z': -14.737638695087277}, 'planningCT_filename': '//zkh/AppData/RT-Meetdata/GPTC/13 Research & Testing/DoseBasedPositioning/Project_data/Test\\\\DBP_OP009\\\\A1PHH\\\\iteration9\\\\pCTp0', 'repeatedCT_filename': '//zkh/AppData/RT-Meetdata/GPTC/13 Research & Testing/DoseBasedPositioning/Project_data/Test\\\\DBP_OP009\\\\A1PHH\\\\iteration9\\\\rCTp3'}, 'iteration10': {'plan_name': 'A1PHH', 'planning_exam_name': 'pCTp0', 'repeatedCT_name': 'rCTp3', 'transformation_matrix': [0.9999779584857218, -0.0022313662215612093, 0.00625328293884881, 4.5707907736956335, 0.00239968184506036, 0.9996314883010093, -0.02703939947838101, -105.43712976819765, -0.006190643728281387, 0.02705380937861172, 0.9996148094782986, 1.058524145269495, 0.0, 0.0, 0.0, 1.0], 'final_translation_coordinate': {'x': 3.1527964880554626, 'y': 12.213168760993831, 'z': -1.4370148509946357}, 'planningCT_filename': '//zkh/AppData/RT-Meetdata/GPTC/13 Research & Testing/DoseBasedPositioning/Project_data/Test\\\\DBP_OP009\\\\A1PHH\\\\iteration10\\\\pCTp0', 'repeatedCT_filename': '//zkh/AppData/RT-Meetdata/GPTC/13 Research & Testing/DoseBasedPositioning/Project_data/Test\\\\DBP_OP009\\\\A1PHH\\\\iteration10\\\\rCTp3'}}}\n",
      "{'exam_name': 'rCTp9', 'plans': {'iteration1': {'plan_name': 'A1PHH', 'planning_exam_name': 'pCTp0', 'repeatedCT_name': 'rCTp9', 'transformation_matrix': [0.9999822342224399, 0.0027580003309683257, 0.005284380159644538, 15.433476937956424, -0.00267454490057618, 0.9998726145366565, -0.015735358566151277, -133.4840252679241, -0.005327105130562769, 0.015720945703262476, 0.9998622274179193, -4.949183395820313, 0.0, 0.0, 0.0, 1.0], 'final_translation_coordinate': {'x': 13.43652115314222, 'y': -14.60068616403877, 'z': -6.518271940951625}, 'planningCT_filename': '//zkh/AppData/RT-Meetdata/GPTC/13 Research & Testing/DoseBasedPositioning/Project_data/Test\\\\DBP_OP009\\\\A1PHH\\\\iteration1\\\\pCTp0', 'repeatedCT_filename': '//zkh/AppData/RT-Meetdata/GPTC/13 Research & Testing/DoseBasedPositioning/Project_data/Test\\\\DBP_OP009\\\\A1PHH\\\\iteration1\\\\rCTp9'}, 'iteration2': {'plan_name': 'A1PHH', 'planning_exam_name': 'pCTp0', 'repeatedCT_name': 'rCTp9', 'transformation_matrix': [0.9999822342224399, 0.0027580003309683257, 0.005284380159644538, 4.707178455076392, -0.00267454490057618, 0.9998726145366565, -0.015735358566151277, -121.20982242528487, -0.005327105130562769, 0.015720945703262476, 0.9998622274179193, -0.8353738207584616, 0.0, 0.0, 0.0, 1.0], 'final_translation_coordinate': {'x': 2.710222670262187, 'y': -2.326483321399543, 'z': -2.4044623658897732}, 'planningCT_filename': '//zkh/AppData/RT-Meetdata/GPTC/13 Research & Testing/DoseBasedPositioning/Project_data/Test\\\\DBP_OP009\\\\A1PHH\\\\iteration2\\\\pCTp0', 'repeatedCT_filename': '//zkh/AppData/RT-Meetdata/GPTC/13 Research & Testing/DoseBasedPositioning/Project_data/Test\\\\DBP_OP009\\\\A1PHH\\\\iteration2\\\\rCTp9'}, 'iteration3': {'plan_name': 'A1PHH', 'planning_exam_name': 'pCTp0', 'repeatedCT_name': 'rCTp9', 'transformation_matrix': [0.9999822342224399, 0.0027580003309683257, 0.005284380159644538, 6.745615807952752, -0.00267454490057618, 0.9998726145366565, -0.015735358566151277, -116.76426241344413, -0.005327105130562769, 0.015720945703262476, 0.9998622274179193, -4.998234807573403, 0.0, 0.0, 0.0, 1.0], 'final_translation_coordinate': {'x': 4.748660023138546, 'y': 2.119076690441214, 'z': -6.567323352704715}, 'planningCT_filename': '//zkh/AppData/RT-Meetdata/GPTC/13 Research & Testing/DoseBasedPositioning/Project_data/Test\\\\DBP_OP009\\\\A1PHH\\\\iteration3\\\\pCTp0', 'repeatedCT_filename': '//zkh/AppData/RT-Meetdata/GPTC/13 Research & Testing/DoseBasedPositioning/Project_data/Test\\\\DBP_OP009\\\\A1PHH\\\\iteration3\\\\rCTp9'}, 'iteration4': {'plan_name': 'A1PHH', 'planning_exam_name': 'pCTp0', 'repeatedCT_name': 'rCTp9', 'transformation_matrix': [0.9999822342224399, 0.0027580003309683257, 0.005284380159644538, -6.0165598843417705, -0.00267454490057618, 0.9998726145366565, -0.015735358566151277, -112.75371282653794, -0.005327105130562769, 0.015720945703262476, 0.9998622274179193, -13.024326583691204, 0.0, 0.0, 0.0, 1.0], 'final_translation_coordinate': {'x': -8.013515669155977, 'y': 6.129626277347406, 'z': -14.593415128822516}, 'planningCT_filename': '//zkh/AppData/RT-Meetdata/GPTC/13 Research & Testing/DoseBasedPositioning/Project_data/Test\\\\DBP_OP009\\\\A1PHH\\\\iteration4\\\\pCTp0', 'repeatedCT_filename': '//zkh/AppData/RT-Meetdata/GPTC/13 Research & Testing/DoseBasedPositioning/Project_data/Test\\\\DBP_OP009\\\\A1PHH\\\\iteration4\\\\rCTp9'}, 'iteration5': {'plan_name': 'A1PHH', 'planning_exam_name': 'pCTp0', 'repeatedCT_name': 'rCTp9', 'transformation_matrix': [0.9999822342224399, 0.0027580003309683257, 0.005284380159644538, -2.176792363144429, -0.00267454490057618, 0.9998726145366565, -0.015735358566151277, -121.6785864196561, -0.005327105130562769, 0.015720945703262476, 0.9998622274179193, 3.814159786963515, 0.0, 0.0, 0.0, 1.0], 'final_translation_coordinate': {'x': -4.1737481479586345, 'y': -2.795247315770768, 'z': 2.2450712418322025}, 'planningCT_filename': '//zkh/AppData/RT-Meetdata/GPTC/13 Research & Testing/DoseBasedPositioning/Project_data/Test\\\\DBP_OP009\\\\A1PHH\\\\iteration5\\\\pCTp0', 'repeatedCT_filename': '//zkh/AppData/RT-Meetdata/GPTC/13 Research & Testing/DoseBasedPositioning/Project_data/Test\\\\DBP_OP009\\\\A1PHH\\\\iteration5\\\\rCTp9'}, 'iteration6': {'plan_name': 'A1PHH', 'planning_exam_name': 'pCTp0', 'repeatedCT_name': 'rCTp9', 'transformation_matrix': [0.9999822342224399, 0.0027580003309683257, 0.005284380159644538, 2.886594175836503, -0.00267454490057618, 0.9998726145366565, -0.015735358566151277, -105.17886640144256, -0.005327105130562769, 0.015720945703262476, 0.9998622274179193, 4.409487502453997, 0.0, 0.0, 0.0, 1.0], 'final_translation_coordinate': {'x': 0.8896383910222971, 'y': 13.704472702442764, 'z': 2.840398957322685}, 'planningCT_filename': '//zkh/AppData/RT-Meetdata/GPTC/13 Research & Testing/DoseBasedPositioning/Project_data/Test\\\\DBP_OP009\\\\A1PHH\\\\iteration6\\\\pCTp0', 'repeatedCT_filename': '//zkh/AppData/RT-Meetdata/GPTC/13 Research & Testing/DoseBasedPositioning/Project_data/Test\\\\DBP_OP009\\\\A1PHH\\\\iteration6\\\\rCTp9'}, 'iteration7': {'plan_name': 'A1PHH', 'planning_exam_name': 'pCTp0', 'repeatedCT_name': 'rCTp9', 'transformation_matrix': [0.9999822342224399, 0.0027580003309683257, 0.005284380159644538, 10.379864690237891, -0.00267454490057618, 0.9998726145366565, -0.015735358566151277, -110.02788194756951, -0.005327105130562769, 0.015720945703262476, 0.9998622274179193, 1.5217913147875062, 0.0, 0.0, 0.0, 1.0], 'final_translation_coordinate': {'x': 8.382908905423687, 'y': 8.855457156315833, 'z': -0.04729723034380573}, 'planningCT_filename': '//zkh/AppData/RT-Meetdata/GPTC/13 Research & Testing/DoseBasedPositioning/Project_data/Test\\\\DBP_OP009\\\\A1PHH\\\\iteration7\\\\pCTp0', 'repeatedCT_filename': '//zkh/AppData/RT-Meetdata/GPTC/13 Research & Testing/DoseBasedPositioning/Project_data/Test\\\\DBP_OP009\\\\A1PHH\\\\iteration7\\\\rCTp9'}, 'iteration8': {'plan_name': 'A1PHH', 'planning_exam_name': 'pCTp0', 'repeatedCT_name': 'rCTp9', 'transformation_matrix': [0.9999822342224399, 0.0027580003309683257, 0.005284380159644538, 5.385919122916185, -0.00267454490057618, 0.9998726145366565, -0.015735358566151277, -116.67170066054163, -0.005327105130562769, 0.015720945703262476, 0.9998622274179193, 0.36122778726379257, 0.0, 0.0, 0.0, 1.0], 'final_translation_coordinate': {'x': 3.388963338101979, 'y': 2.2116384433436984, 'z': -1.2078607578675193}, 'planningCT_filename': '//zkh/AppData/RT-Meetdata/GPTC/13 Research & Testing/DoseBasedPositioning/Project_data/Test\\\\DBP_OP009\\\\A1PHH\\\\iteration8\\\\pCTp0', 'repeatedCT_filename': '//zkh/AppData/RT-Meetdata/GPTC/13 Research & Testing/DoseBasedPositioning/Project_data/Test\\\\DBP_OP009\\\\A1PHH\\\\iteration8\\\\rCTp9'}, 'iteration9': {'plan_name': 'A1PHH', 'planning_exam_name': 'pCTp0', 'repeatedCT_name': 'rCTp9', 'transformation_matrix': [0.9999822342224399, 0.0027580003309683257, 0.005284380159644538, -1.0539738727834354, -0.00267454490057618, 0.9998726145366565, -0.015735358566151277, -105.44928151177962, -0.005327105130562769, 0.015720945703262476, 0.9998622274179193, 7.394695107420323, 0.0, 0.0, 0.0, 1.0], 'final_translation_coordinate': {'x': -3.050929657597641, 'y': 13.434057592105727, 'z': 5.8256065622890105}, 'planningCT_filename': '//zkh/AppData/RT-Meetdata/GPTC/13 Research & Testing/DoseBasedPositioning/Project_data/Test\\\\DBP_OP009\\\\A1PHH\\\\iteration9\\\\pCTp0', 'repeatedCT_filename': '//zkh/AppData/RT-Meetdata/GPTC/13 Research & Testing/DoseBasedPositioning/Project_data/Test\\\\DBP_OP009\\\\A1PHH\\\\iteration9\\\\rCTp9'}, 'iteration10': {'plan_name': 'A1PHH', 'planning_exam_name': 'pCTp0', 'repeatedCT_name': 'rCTp9', 'transformation_matrix': [0.9999822342224399, 0.0027580003309683257, 0.005284380159644538, -1.8903484952070322, -0.00267454490057618, 0.9998726145366565, -0.015735358566151277, -107.47086727078617, -0.005327105130562769, 0.015720945703262476, 0.9998622274179193, -6.758743259281848, 0.0, 0.0, 0.0, 1.0], 'final_translation_coordinate': {'x': -3.8873042800212376, 'y': 11.412471833099156, 'z': -8.32783180441316}, 'planningCT_filename': '//zkh/AppData/RT-Meetdata/GPTC/13 Research & Testing/DoseBasedPositioning/Project_data/Test\\\\DBP_OP009\\\\A1PHH\\\\iteration10\\\\pCTp0', 'repeatedCT_filename': '//zkh/AppData/RT-Meetdata/GPTC/13 Research & Testing/DoseBasedPositioning/Project_data/Test\\\\DBP_OP009\\\\A1PHH\\\\iteration10\\\\rCTp9'}}}\n",
      "{'exam_name': 'rCTp14', 'plans': {'iteration1': {'plan_name': 'A1PHH', 'planning_exam_name': 'pCTp0', 'repeatedCT_name': 'rCTp14', 'transformation_matrix': [0.9999444498131445, -0.001481249839631544, -0.010435668967549402, 13.718322435202525, 0.0012291888864892336, 0.9997083405187149, -0.024118934304779984, -106.4108504754614, 0.010468351473322507, 0.02410476708515461, 0.9996546272694391, -7.326840125659117, 0.0, 0.0, 0.0, 1.0], 'final_translation_coordinate': {'x': 10.289545655597346, 'y': 11.264712661438015, 'z': -10.058322321195483}, 'planningCT_filename': '//zkh/AppData/RT-Meetdata/GPTC/13 Research & Testing/DoseBasedPositioning/Project_data/Test\\\\DBP_OP009\\\\A1PHH\\\\iteration1\\\\pCTp0', 'repeatedCT_filename': '//zkh/AppData/RT-Meetdata/GPTC/13 Research & Testing/DoseBasedPositioning/Project_data/Test\\\\DBP_OP009\\\\A1PHH\\\\iteration1\\\\rCTp14'}, 'iteration2': {'plan_name': 'A1PHH', 'planning_exam_name': 'pCTp0', 'repeatedCT_name': 'rCTp14', 'transformation_matrix': [0.9999444498131445, -0.001481249839631544, -0.010435668967549402, -1.1540695328346335, 0.0012291888864892336, 0.9997083405187149, -0.024118934304779984, -120.32131915039395, 0.010468351473322507, 0.02410476708515461, 0.9996546272694391, -8.175777756802336, 0.0, 0.0, 0.0, 1.0], 'final_translation_coordinate': {'x': -4.5828463124398136, 'y': -2.6457560134945455, 'z': -10.907259952338704}, 'planningCT_filename': '//zkh/AppData/RT-Meetdata/GPTC/13 Research & Testing/DoseBasedPositioning/Project_data/Test\\\\DBP_OP009\\\\A1PHH\\\\iteration2\\\\pCTp0', 'repeatedCT_filename': '//zkh/AppData/RT-Meetdata/GPTC/13 Research & Testing/DoseBasedPositioning/Project_data/Test\\\\DBP_OP009\\\\A1PHH\\\\iteration2\\\\rCTp14'}, 'iteration3': {'plan_name': 'A1PHH', 'planning_exam_name': 'pCTp0', 'repeatedCT_name': 'rCTp14', 'transformation_matrix': [0.9999444498131445, -0.001481249839631544, -0.010435668967549402, 15.353945982223731, 0.0012291888864892336, 0.9997083405187149, -0.024118934304779984, -108.15047724954636, 0.010468351473322507, 0.02410476708515461, 0.9996546272694391, -5.863923771971287, 0.0, 0.0, 0.0, 1.0], 'final_translation_coordinate': {'x': 11.925169202618552, 'y': 9.525085887353054, 'z': -8.595405967507654}, 'planningCT_filename': '//zkh/AppData/RT-Meetdata/GPTC/13 Research & Testing/DoseBasedPositioning/Project_data/Test\\\\DBP_OP009\\\\A1PHH\\\\iteration3\\\\pCTp0', 'repeatedCT_filename': '//zkh/AppData/RT-Meetdata/GPTC/13 Research & Testing/DoseBasedPositioning/Project_data/Test\\\\DBP_OP009\\\\A1PHH\\\\iteration3\\\\rCTp14'}, 'iteration4': {'plan_name': 'A1PHH', 'planning_exam_name': 'pCTp0', 'repeatedCT_name': 'rCTp14', 'transformation_matrix': [0.9999444498131445, -0.001481249839631544, -0.010435668967549402, -7.545529491726013, 0.0012291888864892336, 0.9997083405187149, -0.024118934304779984, -110.90298870532112, 0.010468351473322507, 0.02410476708515461, 0.9996546272694391, 10.51280006005494, 0.0, 0.0, 0.0, 1.0], 'final_translation_coordinate': {'x': -10.974306271331194, 'y': 6.7725744315782705, 'z': 7.781317864518572}, 'planningCT_filename': '//zkh/AppData/RT-Meetdata/GPTC/13 Research & Testing/DoseBasedPositioning/Project_data/Test\\\\DBP_OP009\\\\A1PHH\\\\iteration4\\\\pCTp0', 'repeatedCT_filename': '//zkh/AppData/RT-Meetdata/GPTC/13 Research & Testing/DoseBasedPositioning/Project_data/Test\\\\DBP_OP009\\\\A1PHH\\\\iteration4\\\\rCTp14'}, 'iteration5': {'plan_name': 'A1PHH', 'planning_exam_name': 'pCTp0', 'repeatedCT_name': 'rCTp14', 'transformation_matrix': [0.9999444498131445, -0.001481249839631544, -0.010435668967549402, -4.011798977133672, 0.0012291888864892336, 0.9997083405187149, -0.024118934304779984, -113.78122718483019, 0.010468351473322507, 0.02410476708515461, 0.9996546272694391, -5.690272609868381, 0.0, 0.0, 0.0, 1.0], 'final_translation_coordinate': {'x': -7.440575756738852, 'y': 3.894335952069228, 'z': -8.421754805404747}, 'planningCT_filename': '//zkh/AppData/RT-Meetdata/GPTC/13 Research & Testing/DoseBasedPositioning/Project_data/Test\\\\DBP_OP009\\\\A1PHH\\\\iteration5\\\\pCTp0', 'repeatedCT_filename': '//zkh/AppData/RT-Meetdata/GPTC/13 Research & Testing/DoseBasedPositioning/Project_data/Test\\\\DBP_OP009\\\\A1PHH\\\\iteration5\\\\rCTp14'}, 'iteration6': {'plan_name': 'A1PHH', 'planning_exam_name': 'pCTp0', 'repeatedCT_name': 'rCTp14', 'transformation_matrix': [0.9999444498131445, -0.001481249839631544, -0.010435668967549402, 1.142232153155673, 0.0012291888864892336, 0.9997083405187149, -0.024118934304779984, -129.6168446534467, 0.010468351473322507, 0.02410476708515461, 0.9996546272694391, -9.889991887231469, 0.0, 0.0, 0.0, 1.0], 'final_translation_coordinate': {'x': -2.286544626449507, 'y': -11.941281516547289, 'z': -12.621474082767836}, 'planningCT_filename': '//zkh/AppData/RT-Meetdata/GPTC/13 Research & Testing/DoseBasedPositioning/Project_data/Test\\\\DBP_OP009\\\\A1PHH\\\\iteration6\\\\pCTp0', 'repeatedCT_filename': '//zkh/AppData/RT-Meetdata/GPTC/13 Research & Testing/DoseBasedPositioning/Project_data/Test\\\\DBP_OP009\\\\A1PHH\\\\iteration6\\\\rCTp14'}, 'iteration7': {'plan_name': 'A1PHH', 'planning_exam_name': 'pCTp0', 'repeatedCT_name': 'rCTp14', 'transformation_matrix': [0.9999444498131445, -0.001481249839631544, -0.010435668967549402, 10.659091966401459, 0.0012291888864892336, 0.9997083405187149, -0.024118934304779984, -129.13027228315414, 0.010468351473322507, 0.02410476708515461, 0.9996546272694391, 15.98797537848704, 0.0, 0.0, 0.0, 1.0], 'final_translation_coordinate': {'x': 7.230315186796279, 'y': -11.454709146254736, 'z': 13.256493182950674}, 'planningCT_filename': '//zkh/AppData/RT-Meetdata/GPTC/13 Research & Testing/DoseBasedPositioning/Project_data/Test\\\\DBP_OP009\\\\A1PHH\\\\iteration7\\\\pCTp0', 'repeatedCT_filename': '//zkh/AppData/RT-Meetdata/GPTC/13 Research & Testing/DoseBasedPositioning/Project_data/Test\\\\DBP_OP009\\\\A1PHH\\\\iteration7\\\\rCTp14'}, 'iteration8': {'plan_name': 'A1PHH', 'planning_exam_name': 'pCTp0', 'repeatedCT_name': 'rCTp14', 'transformation_matrix': [0.9999444498131445, -0.001481249839631544, -0.010435668967549402, 12.171464055687682, 0.0012291888864892336, 0.9997083405187149, -0.024118934304779984, -119.27016932751805, 0.010468351473322507, 0.02410476708515461, 0.9996546272694391, -5.5506477635372935, 0.0, 0.0, 0.0, 1.0], 'final_translation_coordinate': {'x': 8.742687276082501, 'y': -1.5946061906186426, 'z': -8.282129959073659}, 'planningCT_filename': '//zkh/AppData/RT-Meetdata/GPTC/13 Research & Testing/DoseBasedPositioning/Project_data/Test\\\\DBP_OP009\\\\A1PHH\\\\iteration8\\\\pCTp0', 'repeatedCT_filename': '//zkh/AppData/RT-Meetdata/GPTC/13 Research & Testing/DoseBasedPositioning/Project_data/Test\\\\DBP_OP009\\\\A1PHH\\\\iteration8\\\\rCTp14'}, 'iteration9': {'plan_name': 'A1PHH', 'planning_exam_name': 'pCTp0', 'repeatedCT_name': 'rCTp14', 'transformation_matrix': [0.9999444498131445, -0.001481249839631544, -0.010435668967549402, 8.016830700757758, 0.0012291888864892336, 0.9997083405187149, -0.024118934304779984, -107.9238166384053, 0.010468351473322507, 0.02410476708515461, 0.9996546272694391, 2.175337201868106, 0.0, 0.0, 0.0, 1.0], 'final_translation_coordinate': {'x': 4.588053921152577, 'y': 9.751746498494098, 'z': -0.5561449936682605}, 'planningCT_filename': '//zkh/AppData/RT-Meetdata/GPTC/13 Research & Testing/DoseBasedPositioning/Project_data/Test\\\\DBP_OP009\\\\A1PHH\\\\iteration9\\\\pCTp0', 'repeatedCT_filename': '//zkh/AppData/RT-Meetdata/GPTC/13 Research & Testing/DoseBasedPositioning/Project_data/Test\\\\DBP_OP009\\\\A1PHH\\\\iteration9\\\\rCTp14'}, 'iteration10': {'plan_name': 'A1PHH', 'planning_exam_name': 'pCTp0', 'repeatedCT_name': 'rCTp14', 'transformation_matrix': [0.9999444498131445, -0.001481249839631544, -0.010435668967549402, -4.505051527476713, 0.0012291888864892336, 0.9997083405187149, -0.024118934304779984, -128.27114174770622, 0.010468351473322507, 0.02410476708515461, 0.9996546272694391, 12.437649799179145, 0.0, 0.0, 0.0, 1.0], 'final_translation_coordinate': {'x': -7.9338283070818925, 'y': -10.59557861080682, 'z': 9.706167603642777}, 'planningCT_filename': '//zkh/AppData/RT-Meetdata/GPTC/13 Research & Testing/DoseBasedPositioning/Project_data/Test\\\\DBP_OP009\\\\A1PHH\\\\iteration10\\\\pCTp0', 'repeatedCT_filename': '//zkh/AppData/RT-Meetdata/GPTC/13 Research & Testing/DoseBasedPositioning/Project_data/Test\\\\DBP_OP009\\\\A1PHH\\\\iteration10\\\\rCTp14'}}}\n",
      "{'exam_name': 'rCTp19', 'plans': {'iteration1': {'plan_name': 'A1PHH', 'planning_exam_name': 'pCTp0', 'repeatedCT_name': 'rCTp19', 'transformation_matrix': [0.9998160743020122, 0.010662807197784376, -0.015941207920860345, -9.606062733127871, -0.01103205650683551, 0.9996686350440763, -0.023257554435999254, -120.7090491916555, 0.015687934744357243, 0.02342914108063627, 0.9996024029841467, -2.141009445173598, 0.0, 0.0, 0.0, 1.0], 'final_translation_coordinate': {'x': -14.616789154431341, 'y': -2.788521909755879, 'z': -7.039691741767458}, 'planningCT_filename': '//zkh/AppData/RT-Meetdata/GPTC/13 Research & Testing/DoseBasedPositioning/Project_data/Test\\\\DBP_OP009\\\\A1PHH\\\\iteration1\\\\pCTp0', 'repeatedCT_filename': '//zkh/AppData/RT-Meetdata/GPTC/13 Research & Testing/DoseBasedPositioning/Project_data/Test\\\\DBP_OP009\\\\A1PHH\\\\iteration1\\\\rCTp19'}, 'iteration2': {'plan_name': 'A1PHH', 'planning_exam_name': 'pCTp0', 'repeatedCT_name': 'rCTp19', 'transformation_matrix': [0.9998160743020122, 0.010662807197784376, -0.015941207920860345, 0.5284651157587805, -0.01103205650683551, 0.9996686350440763, -0.023257554435999254, -104.02254565435035, 0.015687934744357243, 0.02342914108063627, 0.9996024029841467, -4.32266328242699, 0.0, 0.0, 0.0, 1.0], 'final_translation_coordinate': {'x': -4.482261305544691, 'y': 13.897981627549267, 'z': -9.22134557902085}, 'planningCT_filename': '//zkh/AppData/RT-Meetdata/GPTC/13 Research & Testing/DoseBasedPositioning/Project_data/Test\\\\DBP_OP009\\\\A1PHH\\\\iteration2\\\\pCTp0', 'repeatedCT_filename': '//zkh/AppData/RT-Meetdata/GPTC/13 Research & Testing/DoseBasedPositioning/Project_data/Test\\\\DBP_OP009\\\\A1PHH\\\\iteration2\\\\rCTp19'}, 'iteration3': {'plan_name': 'A1PHH', 'planning_exam_name': 'pCTp0', 'repeatedCT_name': 'rCTp19', 'transformation_matrix': [0.9998160743020122, 0.010662807197784376, -0.015941207920860345, -3.7746252808284075, -0.01103205650683551, 0.9996686350440763, -0.023257554435999254, -109.6569100271754, 0.015687934744357243, 0.02342914108063627, 0.9996024029841467, 19.104519041051965, 0.0, 0.0, 0.0, 1.0], 'final_translation_coordinate': {'x': -8.78535170213188, 'y': 8.263617254724213, 'z': 14.205836744458104}, 'planningCT_filename': '//zkh/AppData/RT-Meetdata/GPTC/13 Research & Testing/DoseBasedPositioning/Project_data/Test\\\\DBP_OP009\\\\A1PHH\\\\iteration3\\\\pCTp0', 'repeatedCT_filename': '//zkh/AppData/RT-Meetdata/GPTC/13 Research & Testing/DoseBasedPositioning/Project_data/Test\\\\DBP_OP009\\\\A1PHH\\\\iteration3\\\\rCTp19'}, 'iteration4': {'plan_name': 'A1PHH', 'planning_exam_name': 'pCTp0', 'repeatedCT_name': 'rCTp19', 'transformation_matrix': [0.9998160743020122, 0.010662807197784376, -0.015941207920860345, 6.59129686085892, -0.01103205650683551, 0.9996686350440763, -0.023257554435999254, -120.13095630410615, 0.015687934744357243, 0.02342914108063627, 0.9996024029841467, -6.735694099061542, 0.0, 0.0, 0.0, 1.0], 'final_translation_coordinate': {'x': 1.5805704395554476, 'y': -2.2104290222065304, 'z': -11.634376395655401}, 'planningCT_filename': '//zkh/AppData/RT-Meetdata/GPTC/13 Research & Testing/DoseBasedPositioning/Project_data/Test\\\\DBP_OP009\\\\A1PHH\\\\iteration4\\\\pCTp0', 'repeatedCT_filename': '//zkh/AppData/RT-Meetdata/GPTC/13 Research & Testing/DoseBasedPositioning/Project_data/Test\\\\DBP_OP009\\\\A1PHH\\\\iteration4\\\\rCTp19'}, 'iteration5': {'plan_name': 'A1PHH', 'planning_exam_name': 'pCTp0', 'repeatedCT_name': 'rCTp19', 'transformation_matrix': [0.9998160743020122, 0.010662807197784376, -0.015941207920860345, 0.997692804515331, -0.01103205650683551, 0.9996686350440763, -0.023257554435999254, -120.36988284861302, 0.015687934744357243, 0.02342914108063627, 0.9996024029841467, 19.01284999712789, 0.0, 0.0, 0.0, 1.0], 'final_translation_coordinate': {'x': -4.013033616788141, 'y': -2.449355566713396, 'z': 14.114167700534033}, 'planningCT_filename': '//zkh/AppData/RT-Meetdata/GPTC/13 Research & Testing/DoseBasedPositioning/Project_data/Test\\\\DBP_OP009\\\\A1PHH\\\\iteration5\\\\pCTp0', 'repeatedCT_filename': '//zkh/AppData/RT-Meetdata/GPTC/13 Research & Testing/DoseBasedPositioning/Project_data/Test\\\\DBP_OP009\\\\A1PHH\\\\iteration5\\\\rCTp19'}, 'iteration6': {'plan_name': 'A1PHH', 'planning_exam_name': 'pCTp0', 'repeatedCT_name': 'rCTp19', 'transformation_matrix': [0.9998160743020122, 0.010662807197784376, -0.015941207920860345, -1.7706991691374796, -0.01103205650683551, 0.9996686350440763, -0.023257554435999254, -103.57813225342625, 0.015687934744357243, 0.02342914108063627, 0.9996024029841467, -4.660823057055304, 0.0, 0.0, 0.0, 1.0], 'final_translation_coordinate': {'x': -6.781425590440952, 'y': 14.342395028473378, 'z': -9.559505353649163}, 'planningCT_filename': '//zkh/AppData/RT-Meetdata/GPTC/13 Research & Testing/DoseBasedPositioning/Project_data/Test\\\\DBP_OP009\\\\A1PHH\\\\iteration6\\\\pCTp0', 'repeatedCT_filename': '//zkh/AppData/RT-Meetdata/GPTC/13 Research & Testing/DoseBasedPositioning/Project_data/Test\\\\DBP_OP009\\\\A1PHH\\\\iteration6\\\\rCTp19'}, 'iteration7': {'plan_name': 'A1PHH', 'planning_exam_name': 'pCTp0', 'repeatedCT_name': 'rCTp19', 'transformation_matrix': [0.9998160743020122, 0.010662807197784376, -0.015941207920860345, -3.5620632213492884, -0.01103205650683551, 0.9996686350440763, -0.023257554435999254, -107.23063007936048, 0.015687934744357243, 0.02342914108063627, 0.9996024029841467, 1.0133564130514765, 0.0, 0.0, 0.0, 1.0], 'final_translation_coordinate': {'x': -8.572789642652761, 'y': 10.689897202539138, 'z': -3.885325883542383}, 'planningCT_filename': '//zkh/AppData/RT-Meetdata/GPTC/13 Research & Testing/DoseBasedPositioning/Project_data/Test\\\\DBP_OP009\\\\A1PHH\\\\iteration7\\\\pCTp0', 'repeatedCT_filename': '//zkh/AppData/RT-Meetdata/GPTC/13 Research & Testing/DoseBasedPositioning/Project_data/Test\\\\DBP_OP009\\\\A1PHH\\\\iteration7\\\\rCTp19'}, 'iteration8': {'plan_name': 'A1PHH', 'planning_exam_name': 'pCTp0', 'repeatedCT_name': 'rCTp19', 'transformation_matrix': [0.9998160743020122, 0.010662807197784376, -0.015941207920860345, 5.317455745544325, -0.01103205650683551, 0.9996686350440763, -0.023257554435999254, -122.9559306019288, 0.015687934744357243, 0.02342914108063627, 0.9996024029841467, 1.02444038655042, 0.0, 0.0, 0.0, 1.0], 'final_translation_coordinate': {'x': 0.3067293242408531, 'y': -5.0354033200291894, 'z': -3.87424191004344}, 'planningCT_filename': '//zkh/AppData/RT-Meetdata/GPTC/13 Research & Testing/DoseBasedPositioning/Project_data/Test\\\\DBP_OP009\\\\A1PHH\\\\iteration8\\\\pCTp0', 'repeatedCT_filename': '//zkh/AppData/RT-Meetdata/GPTC/13 Research & Testing/DoseBasedPositioning/Project_data/Test\\\\DBP_OP009\\\\A1PHH\\\\iteration8\\\\rCTp19'}, 'iteration9': {'plan_name': 'A1PHH', 'planning_exam_name': 'pCTp0', 'repeatedCT_name': 'rCTp19', 'transformation_matrix': [0.9998160743020122, 0.010662807197784376, -0.015941207920860345, 11.514172821262907, -0.01103205650683551, 0.9996686350440763, -0.023257554435999254, -107.82987517263197, 0.015687934744357243, 0.02342914108063627, 0.9996024029841467, 12.565989001631173, 0.0, 0.0, 0.0, 1.0], 'final_translation_coordinate': {'x': 6.503446399959434, 'y': 10.090652109267634, 'z': 7.667306705037312}, 'planningCT_filename': '//zkh/AppData/RT-Meetdata/GPTC/13 Research & Testing/DoseBasedPositioning/Project_data/Test\\\\DBP_OP009\\\\A1PHH\\\\iteration9\\\\pCTp0', 'repeatedCT_filename': '//zkh/AppData/RT-Meetdata/GPTC/13 Research & Testing/DoseBasedPositioning/Project_data/Test\\\\DBP_OP009\\\\A1PHH\\\\iteration9\\\\rCTp19'}, 'iteration10': {'plan_name': 'A1PHH', 'planning_exam_name': 'pCTp0', 'repeatedCT_name': 'rCTp19', 'transformation_matrix': [0.9998160743020122, 0.010662807197784376, -0.015941207920860345, 2.5640106869063217, -0.01103205650683551, 0.9996686350440763, -0.023257554435999254, -108.7128005858639, 0.015687934744357243, 0.02342914108063627, 0.9996024029841467, 14.70493446375712, 0.0, 0.0, 0.0, 1.0], 'final_translation_coordinate': {'x': -2.4467157343971504, 'y': 9.207726696035722, 'z': 9.80625216716326}, 'planningCT_filename': '//zkh/AppData/RT-Meetdata/GPTC/13 Research & Testing/DoseBasedPositioning/Project_data/Test\\\\DBP_OP009\\\\A1PHH\\\\iteration10\\\\pCTp0', 'repeatedCT_filename': '//zkh/AppData/RT-Meetdata/GPTC/13 Research & Testing/DoseBasedPositioning/Project_data/Test\\\\DBP_OP009\\\\A1PHH\\\\iteration10\\\\rCTp19'}}}\n",
