{
 "cells": [
  {
   "cell_type": "code",
   "execution_count": 31,
   "metadata": {},
   "outputs": [],
   "source": [
    "import os\n",
    "import copy\n",
    "import numpy as np\n",
    "from CT import construct_CT_object\n",
    "import os\n",
    "import json\n",
    "import glob\n",
    "import random\n"
   ]
  },
  {
   "cell_type": "code",
   "execution_count": 32,
   "metadata": {},
   "outputs": [],
   "source": [
    "\n",
    "def get_path_structures_DICOM_file(path_CT_DICOM_series):\n",
    "    filenames = [filename for filename in os.listdir(path_CT_DICOM_series) if filename.startswith('RS')]\n",
    "    print(filenames)\n",
    "\n",
    "    assert len(filenames) > 0, \"no structures DICOM file found\"\n",
    "    assert len(filenames) <= 1, \"more than one structures DICOM files found\"\n",
    "\n",
    "    return os.path.join(path_CT_DICOM_series, filenames[0])\n",
    "\n"
   ]
  },
  {
   "cell_type": "code",
   "execution_count": 33,
   "metadata": {},
   "outputs": [],
   "source": [
    "\n",
    "\n",
    "# root_patient = \"/data/oosterhoff/patients/DBP_OP007/\"\n",
    "# name_fixed_CT = 'pCTp0'\n",
    "# name_moving_CT = 'rCTp12'\n",
    "\n",
    "# path_fixed_CT = os.path.join(root_patient, name_fixed_CT, '')\n",
    "# path_moving_CT = os.path.join(root_patient, name_moving_CT, '')\n",
    "\n",
    "\n",
    "# path_struct_fixed_CT = get_path_structures_DICOM_file(path_fixed_CT)\n",
    "# path_struct_moving_CT = get_path_structures_DICOM_file(path_moving_CT)\n",
    "\n",
    "\n",
    "\n",
    "# fixed_CT = construct_CT_object(name_fixed_CT, path_fixed_CT, path_struct_fixed_CT, roi_names = ['External'])\n",
    "# moving_CT = construct_CT_object(name_moving_CT, path_moving_CT, path_struct_moving_CT, roi_names = ['External'])\n"
   ]
  },
  {
   "cell_type": "code",
   "execution_count": 34,
   "metadata": {},
   "outputs": [],
   "source": [
    "# import matplotlib.pyplot as plt\n",
    "# import SimpleITK as sitk\n",
    "# fixed_CT_array = sitk.GetArrayFromImage(fixed_CT.image)\n",
    "# moving_CT_array = sitk.GetArrayFromImage(moving_CT.image)\n",
    "# plt.imshow(fixed_CT_array[80])"
   ]
  },
  {
   "cell_type": "code",
   "execution_count": 35,
   "metadata": {},
   "outputs": [],
   "source": [
    "class CaseDataReader:\n",
    "    def __init__(self, file_path, num_iteration):\n",
    "        with open(file_path, 'r') as file:\n",
    "            self.data = json.load(file)\n",
    "        \n",
    "        self.id = self.data['patient_id']\n",
    "        self.num_iteration = num_iteration  # Number of random coordinates to generate\n",
    "        self.examinations_transformations = self.extract_details()\n",
    "\n",
    "        \n",
    "\n",
    "    def new_transfer_param(self, rigid_matrix):\n",
    "        max_translation = 1.5\n",
    "\n",
    "        final_translation_coordinate = {}  # Dictionary to hold all options\n",
    "        new_matrix = {}\n",
    "        matrix_base = list(rigid_matrix)  # Copy base matrix to modify for each sample\n",
    "        \n",
    "        for i in range(1, self.num_iteration + 1):\n",
    "            opt_key = f'iteration{i}'\n",
    "            final_translation_coordinate[opt_key] = {'x': 0, 'y': 0, 'z': 0}\n",
    "            current_matrix = matrix_base[:]  # Work with a copy of the base matrix for each sample\n",
    "            \n",
    "            new_matrix[opt_key] = current_matrix  # Assign the copy of the base matrix to the option key\n",
    "            \n",
    "            for idx, key in zip([3, 7, 11], ['x', 'y', 'z']):\n",
    "                random_translation = (2 * random.random() - 1) * max_translation\n",
    "                current_matrix[idx] += random_translation * 10  # Apply translation and convert to mm\n",
    "                final_translation_coordinate[opt_key][key] = random_translation * 10  # Store translation in mm\n",
    "            \n",
    "        return new_matrix, final_translation_coordinate\n",
    "\n",
    "\n",
    "    def extract_details(self):\n",
    "        examinations_transformations = []\n",
    "\n",
    "        # Interested only in the examination part of the JSON file\n",
    "        for exam_name, exam_details in self.data['examinations'].items():\n",
    "            if 'pCT' not in exam_name:\n",
    "                exam_dict = {'exam_name': exam_name, 'plans': []}  # Initialize with an empty plans list\n",
    "                reg_to_planning = exam_details.get('registration_to_planning_examinations', {})\n",
    "\n",
    "                for plan_name, registration_details in reg_to_planning.items():\n",
    "\n",
    "                    # if 'F' not in plan_name:\n",
    "                    if 'P' in plan_name:\n",
    "                        from_exam = registration_details.get('from_examination_name')\n",
    "                        to_exam = registration_details.get('to_examination_name')\n",
    "                        rigid_matrix = registration_details.get('rigid_transformation_matrix', [])\n",
    "\n",
    "                        if rigid_matrix:\n",
    "                            new_matrix, final_translation_coordinate = self.new_transfer_param(rigid_matrix)\n",
    "                            \n",
    "                            plan_dict = {\n",
    "                                'plan_name': plan_name,\n",
    "                                'planning_exam_name': to_exam,\n",
    "                                'repeatedCT_name': from_exam,\n",
    "                                'transformation_matrix': new_matrix,\n",
    "                                'final_translation_coordinate': final_translation_coordinate\n",
    "\n",
    "                            }\n",
    "                            exam_dict['plans'].append(plan_dict)  # Add this plan to the exam's plans list\n",
    "                            print(plan_dict)\n",
    "                if exam_dict['plans']:  # Only append if there are any plans\n",
    "                    examinations_transformations.append(exam_dict)\n",
    "\n",
    "        return examinations_transformations\n",
    "\n",
    "\n",
    "    def get_plan_details(self):\n",
    "        return self.examinations_transformations\n",
    "    \n",
    "\n",
    "    def save_to_json(self, output_file):\n",
    "        data_to_save = {\n",
    "        \"id\": self.id,\n",
    "        \"examination_details\": self.examinations_transformations\n",
    "    }\n",
    "        with open(output_file, 'w') as file:\n",
    "            json.dump(data_to_save, file, indent=4)\n",
    "\n",
    "# # Usage example\n",
    "# case_data_path = \"/home/shahpouriz/Data/DBP_CTs/DBP_OP011_case_data.json\"\n",
    "# patient = CaseDataReader(case_data_path)\n",
    "\n",
    "# examinations_transformations = patient.get_plan_details()\n",
    "# patient.save_to_json('/home/shahpouriz/Data/DBP_CTs/DBP_OP011_coordination_data.json')\n"
   ]
  },
  {
   "cell_type": "code",
   "execution_count": 36,
   "metadata": {},
   "outputs": [
    {
     "name": "stdout",
     "output_type": "stream",
     "text": [
      "{'plan_name': 'A1PHH', 'planning_exam_name': 'pCTp0', 'repeatedCT_name': 'rCTp3', 'transformation_matrix': {'iteration1': [0.9999779584857218, -0.0022313662215612093, 0.00625328293884881, 6.736900920005131, 0.00239968184506036, 0.9996314883010093, -0.02703939947838101, -6.0945705982739975, -0.006190643728281387, 0.02705380937861172, 0.9996148094782986, 13.002614183657974, 0.0, 0.0, 0.0, 1.0], 'iteration2': [0.9999779584857218, -0.0022313662215612093, 0.00625328293884881, 1.7748285219927267, 0.00239968184506036, 0.9996314883010093, -0.02703939947838101, -10.308430224331204, -0.006190643728281387, 0.02705380937861172, 0.9996148094782986, 3.420382795454249, 0.0, 0.0, 0.0, 1.0], 'iteration3': [0.9999779584857218, -0.0022313662215612093, 0.00625328293884881, -11.885215293633085, 0.00239968184506036, 0.9996314883010093, -0.02703939947838101, -7.675666590736082, -0.006190643728281387, 0.02705380937861172, 0.9996148094782986, 7.704514669575177, 0.0, 0.0, 0.0, 1.0], 'iteration4': [0.9999779584857218, -0.0022313662215612093, 0.00625328293884881, -8.477889900051375, 0.00239968184506036, 0.9996314883010093, -0.02703939947838101, -9.839276409805436, -0.006190643728281387, 0.02705380937861172, 0.9996148094782986, 13.438578889338466, 0.0, 0.0, 0.0, 1.0], 'iteration5': [0.9999779584857218, -0.0022313662215612093, 0.00625328293884881, 3.3785450678428277, 0.00239968184506036, 0.9996314883010093, -0.02703939947838101, -0.8132911910042004, -0.006190643728281387, 0.02705380937861172, 0.9996148094782986, -8.80443569883003, 0.0, 0.0, 0.0, 1.0]}, 'final_translation_coordinate': {'iteration1': {'x': 6.595101491441114, 'y': 5.670459254645151, 'z': 12.75306028403156}, 'iteration2': {'x': 1.6330290934287095, 'y': 1.4565996285879457, 'z': 3.170828895827836}, 'iteration3': {'x': -12.027014722197102, 'y': 4.089363262183067, 'z': 7.454960769948764}, 'iteration4': {'x': -8.619689328615392, 'y': 1.9257534431137135, 'z': 13.189024989712053}, 'iteration5': {'x': 3.2367456392788108, 'y': 10.951738661914948, 'z': -9.053989598456443}}}\n",
      "{'plan_name': 'A1PHH', 'planning_exam_name': 'pCTp0', 'repeatedCT_name': 'rCTp9', 'transformation_matrix': {'iteration1': [0.9999822342224399, 0.0027580003309683257, 0.005284380159644538, -7.167362543431261, -0.00267454490057618, 0.9998726145366565, -0.015735358566151277, -17.701851971947043, -0.005327105130562769, 0.015720945703262476, 0.9998622274179193, -14.171448305041315, 0.0, 0.0, 0.0, 1.0], 'iteration2': [0.9999822342224399, 0.0027580003309683257, 0.005284380159644538, -4.517523655326218, -0.00267454490057618, 0.9998726145366565, -0.015735358566151277, -22.949758395953097, -0.005327105130562769, 0.015720945703262476, 0.9998622274179193, -2.1296579727182756, 0.0, 0.0, 0.0, 1.0], 'iteration3': [0.9999822342224399, 0.0027580003309683257, 0.005284380159644538, -12.439037638025109, -0.00267454490057618, 0.9998726145366565, -0.015735358566151277, -8.493745692543218, -0.005327105130562769, 0.015720945703262476, 0.9998622274179193, 2.3595078088545556, 0.0, 0.0, 0.0, 1.0], 'iteration4': [0.9999822342224399, 0.0027580003309683257, 0.005284380159644538, 2.0435877104278046, -0.00267454490057618, 0.9998726145366565, -0.015735358566151277, -6.381413875771073, -0.005327105130562769, 0.015720945703262476, 0.9998622274179193, -1.4993927309878887, 0.0, 0.0, 0.0, 1.0], 'iteration5': [0.9999822342224399, 0.0027580003309683257, 0.005284380159644538, 2.2734707671283654, -0.00267454490057618, 0.9998726145366565, -0.015735358566151277, -11.159455543743446, -0.005327105130562769, 0.015720945703262476, 0.9998622274179193, 13.596119688306993, 0.0, 0.0, 0.0, 1.0]}, 'final_translation_coordinate': {'iteration1': {'x': -7.367058121912681, 'y': -5.813518061558508, 'z': -14.328357159554447}, 'iteration2': {'x': -4.717219233807638, 'y': -11.061424485564562, 'z': -2.2865668272314066}, 'iteration3': {'x': -12.63873321650653, 'y': 3.394588217845315, 'z': 2.2025989543414246}, 'iteration4': {'x': 1.8438921319463841, 'y': 5.506920034617461, 'z': -1.65630158550102}, 'iteration5': {'x': 2.0737751886469447, 'y': 0.7288783666450882, 'z': 13.439210833793862}}}\n",
      "{'plan_name': 'A1PHH', 'planning_exam_name': 'pCTp0', 'repeatedCT_name': 'rCTp14', 'transformation_matrix': {'iteration1': [0.9999444498131445, -0.001481249839631544, -0.010435668967549402, -6.0376905586083875, 0.0012291888864892336, 0.9997083405187149, -0.024118934304779984, -6.113917546313491, 0.010468351473322507, 0.02410476708515461, 0.9996546272694391, -13.721392148088334, 0.0, 0.0, 0.0, 1.0], 'iteration2': [0.9999444498131445, -0.001481249839631544, -0.010435668967549402, 10.850830893274848, 0.0012291888864892336, 0.9997083405187149, -0.024118934304779984, -16.065253152097018, 0.010468351473322507, 0.02410476708515461, 0.9996546272694391, -6.938035591128041, 0.0, 0.0, 0.0, 1.0], 'iteration3': [0.9999444498131445, -0.001481249839631544, -0.010435668967549402, 0.3762787358283836, 0.0012291888864892336, 0.9997083405187149, -0.024118934304779984, -23.12426251482057, 0.010468351473322507, 0.02410476708515461, 0.9996546272694391, -1.1451881982859997, 0.0, 0.0, 0.0, 1.0], 'iteration4': [0.9999444498131445, -0.001481249839631544, -0.010435668967549402, 3.197228867713172, 0.0012291888864892336, 0.9997083405187149, -0.024118934304779984, -22.30781143624091, 0.010468351473322507, 0.02410476708515461, 0.9996546272694391, 1.5305978792479142, 0.0, 0.0, 0.0, 1.0], 'iteration5': [0.9999444498131445, -0.001481249839631544, -0.010435668967549402, -6.683699674498286, 0.0012291888864892336, 0.9997083405187149, -0.024118934304779984, -3.751258134431666, 0.010468351473322507, 0.02410476708515461, 0.9996546272694391, -7.100803395989593, 0.0, 0.0, 0.0, 1.0]}, 'final_translation_coordinate': {'iteration1': {'x': -6.380568236568905, 'y': 5.653638767376449, 'z': -13.99454036764197}, 'iteration2': {'x': 10.50795321531433, 'y': -4.297696838407077, 'z': -7.2111838106816775}, 'iteration3': {'x': 0.033401057867865624, 'y': -11.356706201130628, 'z': -1.4183364178396363}, 'iteration4': {'x': 2.854351189752654, 'y': -10.540255122550972, 'z': 1.2574496596942775}, 'iteration5': {'x': -7.026577352458804, 'y': 8.016298179258275, 'z': -7.37395161554323}}}\n",
      "{'plan_name': 'A1PHH', 'planning_exam_name': 'pCTp0', 'repeatedCT_name': 'rCTp19', 'transformation_matrix': {'iteration1': [0.9998160743020122, 0.010662807197784376, -0.015941207920860345, 2.414787495960683, -0.01103205650683551, 0.9996686350440763, -0.023257554435999254, -23.554000136753807, 0.015687934744357243, 0.02342914108063627, 0.9996024029841467, -5.121484018147598, 0.0, 0.0, 0.0, 1.0], 'iteration2': [0.9998160743020122, 0.010662807197784376, -0.015941207920860345, -1.3216470922274044, -0.01103205650683551, 0.9996686350440763, -0.023257554435999254, -15.741596805431044, 0.015687934744357243, 0.02342914108063627, 0.9996024029841467, -4.540900676076191, 0.0, 0.0, 0.0, 1.0], 'iteration3': [0.9998160743020122, 0.010662807197784376, -0.015941207920860345, 7.909167188530605, -0.01103205650683551, 0.9996686350440763, -0.023257554435999254, 0.3030874173136304, 0.015687934744357243, 0.02342914108063627, 0.9996024029841467, -13.46396416670348, 0.0, 0.0, 0.0, 1.0], 'iteration4': [0.9998160743020122, 0.010662807197784376, -0.015941207920860345, -6.763195503263838, -0.01103205650683551, 0.9996686350440763, -0.023257554435999254, -25.105825082577887, 0.015687934744357243, 0.02342914108063627, 0.9996024029841467, -12.773102262580842, 0.0, 0.0, 0.0, 1.0], 'iteration5': [0.9998160743020122, 0.010662807197784376, -0.015941207920860345, -6.11923678917687, -0.01103205650683551, 0.9996686350440763, -0.023257554435999254, -21.29809097902104, 0.015687934744357243, 0.02342914108063627, 0.9996024029841467, -1.3925326594674081, 0.0, 0.0, 0.0, 1.0]}, 'final_translation_coordinate': {'iteration1': {'x': 1.9137148538303361, 'y': -11.761947408563845, 'z': -5.611352247806984}, 'iteration2': {'x': -1.8227197343577517, 'y': -3.9495440772410815, 'z': -5.030768905735577}, 'iteration3': {'x': 7.4080945464002586, 'y': 12.095140145503592, 'z': -13.953832396362866}, 'iteration4': {'x': -7.264268145394185, 'y': -13.313772354387927, 'z': -13.262970492240228}, 'iteration5': {'x': -6.620309431307217, 'y': -9.506038250831079, 'z': -1.882400889126794}}}\n",
      "{'plan_name': 'A1PHH', 'planning_exam_name': 'pCTp0', 'repeatedCT_name': 'rCTp25', 'transformation_matrix': {'iteration1': [0.9999636874152115, -0.0011278952831260956, -0.008446993737617967, -8.594226703063043, 0.000955480894625488, 0.9997916942139511, -0.02038762460556042, -12.92267333114014, 0.008468229285574459, 0.02037881333707998, 0.9997564668756783, 6.851706801719269, 0.0, 0.0, 0.0, 1.0], 'iteration2': [0.9999636874152115, -0.0011278952831260956, -0.008446993737617967, -13.150328704540497, 0.000955480894625488, 0.9997916942139511, -0.02038762460556042, -24.29450670953923, 0.008468229285574459, 0.02037881333707998, 0.9997564668756783, -9.764153323927012, 0.0, 0.0, 0.0, 1.0], 'iteration3': [0.9999636874152115, -0.0011278952831260956, -0.008446993737617967, -7.602408136732309, 0.000955480894625488, 0.9997916942139511, -0.02038762460556042, -22.32048223545585, 0.008468229285574459, 0.02037881333707998, 0.9997564668756783, 7.467544852201142, 0.0, 0.0, 0.0, 1.0], 'iteration4': [0.9999636874152115, -0.0011278952831260956, -0.008446993737617967, 4.1127672139840366, 0.000955480894625488, 0.9997916942139511, -0.02038762460556042, -20.32570972404244, 0.008468229285574459, 0.02037881333707998, 0.9997564668756783, -2.6659044109609304, 0.0, 0.0, 0.0, 1.0], 'iteration5': [0.9999636874152115, -0.0011278952831260956, -0.008446993737617967, 8.669147914706159, 0.000955480894625488, 0.9997916942139511, -0.02038762460556042, -18.378782072937923, 0.008468229285574459, 0.02037881333707998, 0.9997564668756783, -2.485745118052643, 0.0, 0.0, 0.0, 1.0]}, 'final_translation_coordinate': {'iteration1': {'x': -8.884010563373163, 'y': -1.114936089632389, 'z': 6.62998230413407}, 'iteration2': {'x': -13.440112564850617, 'y': -12.48676946803148, 'z': -9.98587782151221}, 'iteration3': {'x': -7.892191997042428, 'y': -10.512744993948097, 'z': 7.245820354615943}, 'iteration4': {'x': 3.8229833536739175, 'y': -8.517972482534688, 'z': -2.8876289085461293}, 'iteration5': {'x': 8.379364054396039, 'y': -6.571044831430171, 'z': -2.7074696156378417}}}\n",
      "{'plan_name': 'A1PHH', 'planning_exam_name': 'pCTp0', 'repeatedCT_name': 'rCTp29', 'transformation_matrix': {'iteration1': [0.9999544150918892, 0.004557186265233158, 0.008390458365420145, 12.172532252645357, -0.0044797685821191344, 0.9999474357231835, -0.009222660358075905, -4.88139680825028, -0.008432046708156742, 0.009184652632175957, 0.9999222683510643, 8.985273953022917, 0.0, 0.0, 0.0, 1.0], 'iteration2': [0.9999544150918892, 0.004557186265233158, 0.008390458365420145, -12.085667871027288, -0.0044797685821191344, 0.9999474357231835, -0.009222660358075905, -8.698590565866045, -0.008432046708156742, 0.009184652632175957, 0.9999222683510643, -9.11819472579076, 0.0, 0.0, 0.0, 1.0], 'iteration3': [0.9999544150918892, 0.004557186265233158, 0.008390458365420145, -6.7886668623332715, -0.0044797685821191344, 0.9999474357231835, -0.009222660358075905, -0.8291668053331556, -0.008432046708156742, 0.009184652632175957, 0.9999222683510643, 5.5644371731859, 0.0, 0.0, 0.0, 1.0], 'iteration4': [0.9999544150918892, 0.004557186265233158, 0.008390458365420145, 6.72483745054963, -0.0044797685821191344, 0.9999474357231835, -0.009222660358075905, -18.333207879458797, -0.008432046708156742, 0.009184652632175957, 0.9999222683510643, 3.7516624762301034, 0.0, 0.0, 0.0, 1.0], 'iteration5': [0.9999544150918892, 0.004557186265233158, 0.008390458365420145, 9.573549271685073, -0.0044797685821191344, 0.9999474357231835, -0.009222660358075905, -3.3207689028498635, -0.008432046708156742, 0.009184652632175957, 0.9999222683510643, -10.739225395307885, 0.0, 0.0, 0.0, 1.0]}, 'final_translation_coordinate': {'iteration1': {'x': 12.058048878506613, 'y': 7.045245393995211, 'z': 8.898570448735315}, 'iteration2': {'x': -12.200151245166033, 'y': 3.2280516363794467, 'z': -9.204898230078362}, 'iteration3': {'x': -6.903150236472015, 'y': 11.097475396912335, 'z': 5.477733668898297}, 'iteration4': {'x': 6.610354076410886, 'y': -6.406565677213308, 'z': 3.664958971942501}, 'iteration5': {'x': 9.459065897546328, 'y': 8.605873299395627, 'z': -10.825928899595487}}}\n"
     ]
    }
   ],
   "source": [
    "num_iteration = 5\n",
    "\n",
    "\n",
    "# Define the root directory to search for case_data.json files\n",
    "case_data_root = \"/home/shahpouriz/Data/TEST/\"\n",
    "\n",
    "# Use glob to find all *case_data.json files in the directory and its subdirectories\n",
    "case_data_files = glob.glob(os.path.join(case_data_root, '**', '*case_data.json'), recursive=True)\n",
    "\n",
    "for case_data_path in case_data_files:\n",
    "    patient = CaseDataReader(case_data_path, num_iteration)\n",
    "\n",
    "    examinations_transformations = patient.get_plan_details()\n",
    "    \n",
    "    # Generate the new file name based on the original file name\n",
    "    # Here, we replace '_case_data.json' with '_coordination_data.json'\n",
    "    new_file_name = case_data_path.replace('_case_data.json', '_coordination_data.json')\n",
    "    \n",
    "    # Optionally, ensure the directory exists or create it\n",
    "    output_directory = os.path.dirname(new_file_name)\n",
    "    if not os.path.exists(output_directory):\n",
    "        os.makedirs(output_directory, exist_ok=True)\n",
    "    \n",
    "    # Save the processed data to the new file\n",
    "    patient.save_to_json(new_file_name)\n"
   ]
  },
  {
   "cell_type": "code",
   "execution_count": 37,
   "metadata": {},
   "outputs": [],
   "source": [
    "import warnings\n",
    "import matplotlib.pyplot as plt\n",
    "import SimpleITK as sitk\n",
    "\n",
    "def process_examination_transformations(examinations_transformations, root_patient, saving_root_patient, num_iterations):\n",
    "    \"\"\"\n",
    "    Process examination transformations for a given patient.\n",
    "\n",
    "    Parameters:\n",
    "    - examinations_transformations: List of examination transformations loaded from a JSON file.\n",
    "    - root_patient: Base directory path where patient's DICOM files are located.\n",
    "    - saving_root_patient: Directory path where processed data will be saved.\n",
    "    \"\"\"\n",
    "\n",
    "    for item in examinations_transformations:\n",
    "        exam_name = item.get('exam_name')\n",
    "        for plan in item.get('plans', []):\n",
    "            plan_name = plan.get('plan_name')\n",
    "            moving_CT = plan.get('repeatedCT_name')\n",
    "            fixed_CT = plan.get('planning_exam_name')\n",
    "\n",
    "            for i in range(1, num_iterations + 1):\n",
    "                iteration = f'iteration{i}'\n",
    "                transformation_matrix = np.array(plan.get('transformation_matrix', {}).get(iteration, [])).reshape(4, 4)\n",
    "\n",
    "            \n",
    "                print(f\"Exam: {exam_name}, Plan: {plan_name}\")\n",
    "                print(f\"Moving CT: {moving_CT}, Fixed (Planning) CT: {fixed_CT}\")\n",
    "                print(f\"Transformation Matrix: {transformation_matrix}\")\n",
    "                print(\"--------------------------------------------------\")\n",
    "                \n",
    "                path_fixed_CT = os.path.join(root_patient, fixed_CT, '')\n",
    "                path_moving_CT = os.path.join(root_patient, moving_CT, '')\n",
    "\n",
    "                if not os.path.exists(path_fixed_CT) or not os.path.exists(path_moving_CT):\n",
    "                    warnings.warn(f\"Path does not exist: {path_fixed_CT if not os.path.exists(path_fixed_CT) else path_moving_CT}\")\n",
    "                    continue  # Skip th\n",
    "\n",
    "                path_struct_fixed_CT = get_path_structures_DICOM_file(path_fixed_CT)\n",
    "                path_struct_moving_CT = get_path_structures_DICOM_file(path_moving_CT)\n",
    "\n",
    "                fixed_CT_obj = construct_CT_object(fixed_CT, path_fixed_CT, path_struct_fixed_CT, roi_names=['External'])\n",
    "                moving_CT_obj = construct_CT_object(moving_CT, path_moving_CT, path_struct_moving_CT, roi_names=['External'])\n",
    "\n",
    "                \n",
    "                moving_CT_obj.transform(transformation_matrix, fixed_CT_obj)\n",
    "                \n",
    "\n",
    "                fixed_CT_obj.override_air_outside_external()\n",
    "                moving_CT_obj.override_air_outside_external()\n",
    "\n",
    "                fixed_ct_saving_path = os.path.join(saving_root_patient, plan_name, iteration, fixed_CT_obj.name)\n",
    "                moving_ct_saving_path = os.path.join(saving_root_patient, plan_name, iteration, moving_CT_obj.name)\n",
    "\n",
    "                plan['planningCT_filename'][iteration] = fixed_ct_saving_path\n",
    "                plan['repeatedCT_filename'][iteration] = moving_ct_saving_path\n",
    "\n",
    "\n",
    "                # fixed_CT_array = sitk.GetArrayFromImage(fixed_CT_obj.image)\n",
    "                # moving_CT_array = sitk.GetArrayFromImage(moving_CT_obj.image)\n",
    "                # plt.imshow(fixed_CT_array[80]-moving_CT_array[80])\n",
    "                \n",
    "                if not os.path.exists(fixed_ct_saving_path):\n",
    "                    os.makedirs(fixed_ct_saving_path, exist_ok=True)\n",
    "                    fixed_CT_obj.save(fixed_ct_saving_path, save_struct_file=False)\n",
    "\n",
    "                os.makedirs(moving_ct_saving_path, exist_ok=True)\n",
    "                moving_CT_obj.save(moving_ct_saving_path, save_struct_file=False)\n",
    "\n",
    "    "
   ]
  },
  {
   "cell_type": "code",
   "execution_count": 38,
   "metadata": {},
   "outputs": [
    {
     "name": "stdout",
     "output_type": "stream",
     "text": [
      "Exam: rCTp3, Plan: A1PHH\n",
      "Moving CT: rCTp3, Fixed (Planning) CT: pCTp0\n",
      "Transformation Matrix: [[ 9.99977958e-01 -2.23136622e-03  6.25328294e-03 -1.08689685e+01]\n",
      " [ 2.39968185e-03  9.99631488e-01 -2.70393995e-02 -2.56072239e+01]\n",
      " [-6.19064373e-03  2.70538094e-02  9.99614809e-01 -6.21191723e+00]\n",
      " [ 0.00000000e+00  0.00000000e+00  0.00000000e+00  1.00000000e+00]]\n",
      "--------------------------------------------------\n",
      "['RS1.2.752.243.1.1.20231023163046614.3670.18272.dcm']\n",
      "['RS1.2.752.243.1.1.20231023163046613.3660.35872.dcm']\n"
     ]
    },
    {
     "ename": "KeyError",
     "evalue": "'planningCT_filename'",
     "output_type": "error",
     "traceback": [
      "\u001b[0;31m---------------------------------------------------------------------------\u001b[0m",
      "\u001b[0;31mKeyError\u001b[0m                                  Traceback (most recent call last)",
      "Cell \u001b[0;32mIn[38], line 26\u001b[0m\n\u001b[1;32m     20\u001b[0m root_patient \u001b[38;5;241m=\u001b[39m os\u001b[38;5;241m.\u001b[39mpath\u001b[38;5;241m.\u001b[39mjoin(\u001b[38;5;124m\"\u001b[39m\u001b[38;5;124m/data/oosterhoff/patients/\u001b[39m\u001b[38;5;124m\"\u001b[39m, patient_id)\n\u001b[1;32m     24\u001b[0m saving_root_patient \u001b[38;5;241m=\u001b[39m os\u001b[38;5;241m.\u001b[39mpath\u001b[38;5;241m.\u001b[39mjoin(coordination_json_root, patient_id)\n\u001b[0;32m---> 26\u001b[0m \u001b[43mprocess_examination_transformations\u001b[49m\u001b[43m(\u001b[49m\u001b[43mexaminations_transformations\u001b[49m\u001b[43m,\u001b[49m\u001b[43m \u001b[49m\u001b[43mroot_patient\u001b[49m\u001b[43m,\u001b[49m\u001b[43m \u001b[49m\u001b[43msaving_root_patient\u001b[49m\u001b[43m,\u001b[49m\u001b[43m \u001b[49m\u001b[43mnum_iteration\u001b[49m\u001b[43m)\u001b[49m\n\u001b[1;32m     29\u001b[0m \u001b[38;5;28;01mwith\u001b[39;00m \u001b[38;5;28mopen\u001b[39m(json_file, \u001b[38;5;124m'\u001b[39m\u001b[38;5;124mw\u001b[39m\u001b[38;5;124m'\u001b[39m) \u001b[38;5;28;01mas\u001b[39;00m file:\n\u001b[1;32m     30\u001b[0m     json\u001b[38;5;241m.\u001b[39mdump(data, file, indent\u001b[38;5;241m=\u001b[39m\u001b[38;5;241m4\u001b[39m)\n",
      "Cell \u001b[0;32mIn[37], line 55\u001b[0m, in \u001b[0;36mprocess_examination_transformations\u001b[0;34m(examinations_transformations, root_patient, saving_root_patient, num_iterations)\u001b[0m\n\u001b[1;32m     52\u001b[0m fixed_ct_saving_path \u001b[38;5;241m=\u001b[39m os\u001b[38;5;241m.\u001b[39mpath\u001b[38;5;241m.\u001b[39mjoin(saving_root_patient, plan_name, iteration, fixed_CT_obj\u001b[38;5;241m.\u001b[39mname)\n\u001b[1;32m     53\u001b[0m moving_ct_saving_path \u001b[38;5;241m=\u001b[39m os\u001b[38;5;241m.\u001b[39mpath\u001b[38;5;241m.\u001b[39mjoin(saving_root_patient, plan_name, iteration, moving_CT_obj\u001b[38;5;241m.\u001b[39mname)\n\u001b[0;32m---> 55\u001b[0m \u001b[43mplan\u001b[49m\u001b[43m[\u001b[49m\u001b[38;5;124;43m'\u001b[39;49m\u001b[38;5;124;43mplanningCT_filename\u001b[39;49m\u001b[38;5;124;43m'\u001b[39;49m\u001b[43m]\u001b[49m[iteration] \u001b[38;5;241m=\u001b[39m fixed_ct_saving_path\n\u001b[1;32m     56\u001b[0m plan[\u001b[38;5;124m'\u001b[39m\u001b[38;5;124mrepeatedCT_filename\u001b[39m\u001b[38;5;124m'\u001b[39m][iteration] \u001b[38;5;241m=\u001b[39m moving_ct_saving_path\n\u001b[1;32m     59\u001b[0m \u001b[38;5;66;03m# fixed_CT_array = sitk.GetArrayFromImage(fixed_CT_obj.image)\u001b[39;00m\n\u001b[1;32m     60\u001b[0m \u001b[38;5;66;03m# moving_CT_array = sitk.GetArrayFromImage(moving_CT_obj.image)\u001b[39;00m\n\u001b[1;32m     61\u001b[0m \u001b[38;5;66;03m# plt.imshow(fixed_CT_array[80]-moving_CT_array[80])\u001b[39;00m\n",
      "\u001b[0;31mKeyError\u001b[0m: 'planningCT_filename'"
     ]
    }
   ],
   "source": [
    "import glob\n",
    "import os\n",
    "import json\n",
    "import numpy as np\n",
    "\n",
    "# Define the directory where the coordination JSON files are saved\n",
    "coordination_json_root = \"/home/shahpouriz/Data/TEST/\"\n",
    "\n",
    "# Use glob to find all *_coordination_data.json files in the directory\n",
    "coordination_json_files = glob.glob(os.path.join(coordination_json_root, '**', '*_coordination_data.json'), recursive=True)\n",
    "\n",
    "for json_file in coordination_json_files:\n",
    "    # Load the JSON content\n",
    "    with open(json_file, 'r') as file:\n",
    "        data = json.load(file)\n",
    "\n",
    "\n",
    "    patient_id = data[\"id\"]  # Assuming the patient ID is stored at the top level\n",
    "    examinations_transformations = data[\"examination_details\"]  # The list of transformations\n",
    "    root_patient = os.path.join(\"/data/oosterhoff/patients/\", patient_id)\n",
    "\n",
    "    \n",
    "\n",
    "    saving_root_patient = os.path.join(coordination_json_root, patient_id)\n",
    "\n",
    "    process_examination_transformations(examinations_transformations, root_patient, saving_root_patient, num_iteration)\n",
    "\n",
    "\n",
    "    with open(json_file, 'w') as file:\n",
    "        json.dump(data, file, indent=4)\n"
   ]
  }
 ],
 "metadata": {
  "kernelspec": {
   "display_name": "new_env",
   "language": "python",
   "name": "python3"
  },
  "language_info": {
   "codemirror_mode": {
    "name": "ipython",
    "version": 3
   },
   "file_extension": ".py",
   "mimetype": "text/x-python",
   "name": "python",
   "nbconvert_exporter": "python",
   "pygments_lexer": "ipython3",
   "version": "3.11.5"
  }
 },
 "nbformat": 4,
 "nbformat_minor": 2
}
