{
 "cells": [
  {
   "cell_type": "code",
   "execution_count": 61,
   "metadata": {},
   "outputs": [],
   "source": [
    "import os\n",
    "import copy\n",
    "import numpy as np\n",
    "from CT import construct_CT_object\n",
    "import os\n",
    "import json\n",
    "import glob\n",
    "import random\n"
   ]
  },
  {
   "cell_type": "code",
   "execution_count": 62,
   "metadata": {},
   "outputs": [],
   "source": [
    "\n",
    "def get_path_structures_DICOM_file(path_CT_DICOM_series):\n",
    "    filenames = [filename for filename in os.listdir(path_CT_DICOM_series) if filename.startswith('RS')]\n",
    "    print(filenames)\n",
    "\n",
    "    assert len(filenames) > 0, \"no structures DICOM file found\"\n",
    "    assert len(filenames) <= 1, \"more than one structures DICOM files found\"\n",
    "\n",
    "    return os.path.join(path_CT_DICOM_series, filenames[0])\n",
    "\n"
   ]
  },
  {
   "cell_type": "code",
   "execution_count": 63,
   "metadata": {},
   "outputs": [],
   "source": [
    "\n",
    "\n",
    "# root_patient = \"/data/oosterhoff/patients/DBP_OP007/\"\n",
    "# name_fixed_CT = 'pCTp0'\n",
    "# name_moving_CT = 'rCTp12'\n",
    "\n",
    "# path_fixed_CT = os.path.join(root_patient, name_fixed_CT, '')\n",
    "# path_moving_CT = os.path.join(root_patient, name_moving_CT, '')\n",
    "\n",
    "\n",
    "# path_struct_fixed_CT = get_path_structures_DICOM_file(path_fixed_CT)\n",
    "# path_struct_moving_CT = get_path_structures_DICOM_file(path_moving_CT)\n",
    "\n",
    "\n",
    "\n",
    "# fixed_CT = construct_CT_object(name_fixed_CT, path_fixed_CT, path_struct_fixed_CT, roi_names = ['External'])\n",
    "# moving_CT = construct_CT_object(name_moving_CT, path_moving_CT, path_struct_moving_CT, roi_names = ['External'])\n"
   ]
  },
  {
   "cell_type": "code",
   "execution_count": 64,
   "metadata": {},
   "outputs": [],
   "source": [
    "# import matplotlib.pyplot as plt\n",
    "# import SimpleITK as sitk\n",
    "# fixed_CT_array = sitk.GetArrayFromImage(fixed_CT.image)\n",
    "# moving_CT_array = sitk.GetArrayFromImage(moving_CT.image)\n",
    "# plt.imshow(fixed_CT_array[80])"
   ]
  },
  {
   "cell_type": "code",
   "execution_count": 65,
   "metadata": {},
   "outputs": [],
   "source": [
    "class CaseDataReader:\n",
    "    def __init__(self, file_path):\n",
    "        with open(file_path, 'r') as file:\n",
    "            self.data = json.load(file)\n",
    "        \n",
    "        self.id = self.data['patient_id']\n",
    "        \n",
    "        self.examinations_transformations = self.extract_details()\n",
    "\n",
    "\n",
    "    def new_transfer_param(self, rigid_matrix):\n",
    "        max_translation = 1.5\n",
    "        matrix = rigid_matrix\n",
    "        final_translation_coordinate = {'x': 0, 'y': 0, 'z': 0}  # Initialize the dictionary\n",
    "        \n",
    "        for idx, key in zip([3, 7, 11], ['x', 'y', 'z']):\n",
    "            random_translation = (2 * random.random() - 1) * max_translation\n",
    "            # random_translation = 0\n",
    "            matrix[idx] = (matrix[idx] + random_translation)* 10 # change to mm\n",
    "            final_translation_coordinate[key] = random_translation * 10 # Store the translation in mm\n",
    "        \n",
    "        # matrix = np.array(matrix).reshape(4, 4)\n",
    "    \n",
    "        return matrix, final_translation_coordinate\n",
    "\n",
    "    def extract_details(self):\n",
    "        examinations_transformations = []\n",
    "\n",
    "        # Interested only in the examination part of the JSON file\n",
    "        for exam_name, exam_details in self.data['examinations'].items():\n",
    "            if 'pCT' not in exam_name:\n",
    "                exam_dict = {'exam_name': exam_name, 'plans': []}  # Initialize with an empty plans list\n",
    "                reg_to_planning = exam_details.get('registration_to_planning_examinations', {})\n",
    "\n",
    "                for plan_name, registration_details in reg_to_planning.items():\n",
    "\n",
    "                    # if 'F' not in plan_name:\n",
    "                    if 'P' in plan_name:\n",
    "                        from_exam = registration_details.get('from_examination_name')\n",
    "                        to_exam = registration_details.get('to_examination_name')\n",
    "                        rigid_matrix = registration_details.get('rigid_transformation_matrix', [])\n",
    "                        print(rigid_matrix)\n",
    "\n",
    "                        if rigid_matrix:\n",
    "                            new_matrix, final_translation_coordinate = self.new_transfer_param(rigid_matrix)\n",
    "                            print(new_matrix)\n",
    "                            \n",
    "                            print(final_translation_coordinate)\n",
    "                            plan_dict = {\n",
    "                                'plan_name': plan_name,\n",
    "                                'planning_exam_name': to_exam,\n",
    "                                'repeatedCT_name': from_exam,\n",
    "                                'transformation_matrix': new_matrix,\n",
    "                                'final_translation_coordinate': final_translation_coordinate\n",
    "\n",
    "                            }\n",
    "                            exam_dict['plans'].append(plan_dict)  # Add this plan to the exam's plans list\n",
    "\n",
    "                if exam_dict['plans']:  # Only append if there are any plans\n",
    "                    examinations_transformations.append(exam_dict)\n",
    "\n",
    "        return examinations_transformations\n",
    "\n",
    "\n",
    "    def get_plan_details(self):\n",
    "        return self.examinations_transformations\n",
    "    \n",
    "\n",
    "    def save_to_json(self, output_file):\n",
    "        data_to_save = {\n",
    "        \"id\": self.id,\n",
    "        \"examination_details\": self.examinations_transformations\n",
    "    }\n",
    "        with open(output_file, 'w') as file:\n",
    "            json.dump(data_to_save, file, indent=4)\n",
    "\n",
    "# # Usage example\n",
    "# case_data_path = \"/home/shahpouriz/Data/DBP_CTs/DBP_OP011_case_data.json\"\n",
    "# patient = CaseDataReader(case_data_path)\n",
    "\n",
    "# examinations_transformations = patient.get_plan_details()\n",
    "# patient.save_to_json('/home/shahpouriz/Data/DBP_CTs/DBP_OP011_coordination_data.json')\n"
   ]
  },
  {
   "cell_type": "code",
   "execution_count": 66,
   "metadata": {},
   "outputs": [
    {
     "name": "stdout",
     "output_type": "stream",
     "text": [
      "[0.9986988730599623, -0.022199807737857846, -0.045910015085638835, 0.6230528137061262, 0.021983917611558185, 0.9997447902067917, -0.005202097733230838, -12.029204660431501, 0.04601378396969391, 0.004186047154537345, 0.9989320340713929, 0.6494109629482141, 0.0, 0.0, 0.0, 1.0]\n",
      "[0.9986988730599623, -0.022199807737857846, -0.045910015085638835, 21.04322035211065, 0.021983917611558185, 0.9997447902067917, -0.005202097733230838, -118.52226950158025, 0.04601378396969391, 0.004186047154537345, 0.9989320340713929, -5.3260823750188235, 0.0, 0.0, 0.0, 1.0]\n",
      "{'x': 14.812692215049388, 'y': 1.7697771027347664, 'z': -11.820192004500964}\n",
      "[0.9996932272771138, -0.017425377087747246, -0.01760135135774108, 0.3075104583319768, 0.017166396847591525, 0.9997437087603849, -0.014759119665546093, -12.048278833306778, 0.017854023511238028, 0.014452440187758013, 0.9997361455989673, 0.2846702770448578, 0.0, 0.0, 0.0, 1.0]\n",
      "[0.9996932272771138, -0.017425377087747246, -0.01760135135774108, 0.40306697996517926, 0.017166396847591525, 0.9997437087603849, -0.014759119665546093, -119.19976987438258, 0.017854023511238028, 0.014452440187758013, 0.9997361455989673, 15.248114084519004, 0.0, 0.0, 0.0, 1.0]\n",
      "{'x': -2.672037603354589, 'y': 1.283018458685199, 'z': 12.401411314070426}\n",
      "[0.9997494130676703, -0.014167550954029606, -0.01733180806533225, 0.32577150795420734, 0.013898756889862602, 0.9997827657455075, -0.015532091783788558, -12.031642904607146, 0.01754809470469766, 0.015287309057793984, 0.9997291445956781, 0.3495237395644534, 0.0, 0.0, 0.0, 1.0]\n",
      "[0.9997494130676703, -0.014167550954029606, -0.01733180806533225, -8.280943167721183, 0.013898756889862602, 0.9997827657455075, -0.015532091783788558, -114.04363261140239, 0.01754809470469766, 0.015287309057793984, 0.9997291445956781, 7.107967149344944, 0.0, 0.0, 0.0, 1.0]\n",
      "{'x': -11.538658247263259, 'y': 6.272796434669077, 'z': 3.61272975370041}\n",
      "[0.9992735770605683, -0.037945136086398004, -0.0035333887362307, -0.11142871505105045, 0.037934333267247315, 0.9992755004924138, -0.0030757885501666578, -12.186703174370747, 0.0036475400129402486, 0.0029395174809240623, 0.9999890272842163, 0.15748930123263022, 0.0, 0.0, 0.0, 1.0]\n",
      "[0.9992735770605683, -0.037945136086398004, -0.0035333887362307, 2.309991267524275, 0.037934333267247315, 0.9992755004924138, -0.0030757885501666578, -136.07338467329544, 0.0036475400129402486, 0.0029395174809240623, 0.9999890272842163, -4.902599225012417, 0.0, 0.0, 0.0, 1.0]\n",
      "{'x': 3.4242784180347794, 'y': -14.206352929587954, 'z': -6.477492237338719}\n",
      "[0.9999649253271247, 0.0038981722081462672, -0.007412986507049778, 0.44125247371346377, -0.004013369735087516, 0.9998704278794537, -0.015589108875353645, -12.146224792477026, 0.007351256959700808, 0.01561831314815343, 0.9998510025576405, 0.21437930810886519, 0.0, 0.0, 0.0, 1.0]\n",
      "[0.9999649253271247, 0.0038981722081462672, -0.007412986507049778, -7.132615264054889, -0.004013369735087516, 0.9998704278794537, -0.015589108875353645, -135.6847397563518, 0.007351256959700808, 0.01561831314815343, 0.9998510025576405, 11.870848691460381, 0.0, 0.0, 0.0, 1.0]\n",
      "{'x': -11.545140001189527, 'y': -14.22249183158154, 'z': 9.727055610371728}\n",
      "[0.9996190574403119, -0.00843025818057151, -0.026280615463710168, 0.5386601829451553, 0.008333967314501353, 0.9999581601491571, -0.0037713313184510266, -12.2195153054838, 0.026311309183378127, 0.003550872867565605, 0.9996474910241785, 0.16629842832431035, 0.0, 0.0, 0.0, 1.0]\n",
      "[0.9996190574403119, -0.00843025818057151, -0.026280615463710168, 7.351477687191301, 0.008333967314501353, 0.9999581601491571, -0.0037713313184510266, -130.99972641204343, 0.026311309183378127, 0.003550872867565605, 0.9996474910241785, -5.9645071289815155, 0.0, 0.0, 0.0, 1.0]\n",
      "{'x': 1.9648758577397485, 'y': -8.80457335720544, 'z': -7.627491412224618}\n",
      "[0.9998722095860453, -0.002389583737361422, -0.015806782945362204, 0.4365170230718887, 0.0021322386431335324, 0.9998652385359623, -0.01627754053264524, -12.016588227936621, 0.01584354934629181, 0.016241756585582686, 0.9997425605060166, 0.12698748566466983, 0.0, 0.0, 0.0, 1.0]\n",
      "[0.9998722095860453, -0.002389583737361422, -0.015806782945362204, 0.276896659139238, 0.0021322386431335324, 0.9998652385359623, -0.01627754053264524, -134.0312341896099, 0.01584354934629181, 0.016241756585582686, 0.9997425605060166, 13.099513216636677, 0.0, 0.0, 0.0, 1.0]\n",
      "{'x': -4.088273571579649, 'y': -13.865351910243696, 'z': 11.829638359989978}\n",
      "[0.9999440086869948, 0.002173051505183631, -0.010356511871226383, 0.4087690116085499, -0.002249829618825562, 0.9999700321528792, -0.007407635442969203, -12.177321288714689, 0.010340104335512726, 0.007430521066890092, 0.9999189315134528, 0.10424316979656204, 0.0, 0.0, 0.0, 1.0]\n",
      "[0.9999440086869948, 0.002173051505183631, -0.010356511871226383, 8.872611377997812, -0.002249829618825562, 0.9999700321528792, -0.007407635442969203, -109.00995050838169, 0.010340104335512726, 0.007430521066890092, 0.9999189315134528, -11.680740518853156, 0.0, 0.0, 0.0, 1.0]\n",
      "{'x': 4.784921261912313, 'y': 12.763262378765187, 'z': -12.723172216818776}\n",
      "[0.9999642585422432, 0.0011748438069274726, -0.008372656692515404, 0.11979143664704606, -0.0011130233064089482, 0.9999721151000616, 0.007384456745644759, 0.05090501261243752, 0.008381098805096462, -0.007374873852360598, 0.9999376822674905, -0.12190590365172727, 0.0, 0.0, 0.0, 1.0]\n",
      "[0.9999642585422432, 0.0011748438069274726, -0.008372656692515404, -7.386000860220964, -0.0011130233064089482, 0.9999721151000616, 0.007384456745644759, -9.309695480099357, 0.008381098805096462, -0.007374873852360598, 0.9999376822674905, 9.299157362321647, 0.0, 0.0, 0.0, 1.0]\n",
      "{'x': -8.583915226691424, 'y': -9.818745606223732, 'z': 10.51821639883892}\n",
      "[0.9999756767047386, 0.003371576146173498, 0.0061056099769536566, 0.14719232986224812, -0.0032587293209199366, 0.9998254124904724, -0.018399054906962555, -12.199302761417693, -0.006166577828350086, 0.018378710851063525, 0.9998120804958, 0.26643570443366993, 0.0, 0.0, 0.0, 1.0]\n",
      "[0.9999756767047386, 0.003371576146173498, 0.0061056099769536566, -3.0194344556694346, -0.0032587293209199366, 0.9998254124904724, -0.018399054906962555, -126.5201251059107, -0.006166577828350086, 0.018378710851063525, 0.9998120804958, -4.417843742936059, 0.0, 0.0, 0.0, 1.0]\n",
      "{'x': -4.491357754291916, 'y': -4.5270974917337705, 'z': -7.0822007872727575}\n",
      "[0.9999643231805828, 0.002395150929724076, 0.008100346784095078, -0.1414417631722496, -0.0023661236892171074, 0.9999907525309933, -0.003591143436929841, 0.031069565960168077, -0.008108873206930987, 0.003571848893937229, 0.9999607432648507, 0.041114752204778504, 0.0, 0.0, 0.0, 1.0]\n",
      "[0.9999643231805828, 0.002395150929724076, 0.008100346784095078, 8.399978570882084, -0.0023661236892171074, 0.9999907525309933, -0.003591143436929841, 12.250248231091543, -0.008108873206930987, 0.003571848893937229, 0.9999607432648507, 11.152226603922024, 0.0, 0.0, 0.0, 1.0]\n",
      "{'x': 9.814396202604579, 'y': 11.939552571489862, 'z': 10.741079081874238}\n",
      "[0.9999975337449822, 0.0009835527091384033, -0.001991262921245335, 0.28868505592884924, -0.0010129190187801148, 0.9998899508378766, -0.014800682703523608, -12.22990365084831, 0.0019764865328591357, 0.014802663189349946, 0.9998884811135131, 0.22514518272002157, 0.0, 0.0, 0.0, 1.0]\n",
      "[0.9999975337449822, 0.0009835527091384033, -0.001991262921245335, 5.738836527759139, -0.0010129190187801148, 0.9998899508378766, -0.014800682703523608, -115.63494107435451, 0.0019764865328591357, 0.014802663189349946, 0.9998884811135131, 0.4040844786680861, 0.0, 0.0, 0.0, 1.0]\n",
      "{'x': 2.8519859684706472, 'y': 6.664095434128595, 'z': -1.8473673485321296}\n",
      "[0.9999623100572229, -0.008474581306154418, -0.0018867794539555037, 0.2854220264508923, 0.008454486755747349, 0.999910021434402, -0.010414926247970852, -12.271592163024055, 0.001974871823532668, 0.010398581958092056, 0.9999439831183252, 0.14993956744945894, 0.0, 0.0, 0.0, 1.0]\n",
      "[0.9999623100572229, -0.008474581306154418, -0.0018867794539555037, 15.190711749351209, 0.008454486755747349, 0.999910021434402, -0.010414926247970852, -135.7299601647566, 0.001974871823532668, 0.010398581958092056, 0.9999439831183252, -7.6014244001575735, 0.0, 0.0, 0.0, 1.0]\n",
      "{'x': 12.336491484842284, 'y': -13.014038534516047, 'z': -9.100820074652162}\n",
      "[0.9999551834922924, -0.009466835626254484, 0.00010015049244644692, -0.003369437229424288, 0.009466305348102663, 0.999945573683314, 0.004386198149210426, -0.04280037714419116, -0.0001416684585267853, -0.004385053519985003, 0.9999903755715226, -0.07457371243338456, 0.0, 0.0, 0.0, 1.0]\n",
      "[0.9999551834922924, -0.009466835626254484, 0.00010015049244644692, 9.930710879099138, 0.009466305348102663, 0.999945573683314, 0.004386198149210426, -10.952023561467737, -0.0001416684585267853, -0.004385053519985003, 0.9999903755715226, -8.71919622929725, 0.0, 0.0, 0.0, 1.0]\n",
      "{'x': 9.964405251393382, 'y': -10.524019790025825, 'z': -7.973459104963404}\n",
      "[0.999934364467105, -0.006145005628646, 0.00966983265577572, 0.13461782263809763, 0.006223702476970654, 0.9999475874057477, -0.008129450713476255, -11.9829796436216, -0.009619370314368134, 0.008189099294098175, 0.9999201999997333, 0.24245954017364774, 0.0, 0.0, 0.0, 1.0]\n",
      "[0.999934364467105, -0.006145005628646, 0.00966983265577572, -0.31711343379062784, 0.006223702476970654, 0.9999475874057477, -0.008129450713476255, -125.09929722943086, -0.009619370314368134, 0.008189099294098175, 0.9999201999997333, -9.131171748845329, 0.0, 0.0, 0.0, 1.0]\n",
      "{'x': -1.6632916601716041, 'y': -5.269500793214853, 'z': -11.555767150581806}\n",
      "[0.9999065817114741, -0.007141670758090575, 0.011654372091975613, -0.15428274575044557, 0.007064113418002743, 0.9999527205533271, 0.006682436652692274, 0.24700159880364037, -0.01170154484214711, -0.006599484584623676, 0.9999097562537954, 0.013964571061948317, 0.0, 0.0, 0.0, 1.0]\n",
      "[0.9999065817114741, -0.007141670758090575, 0.011654372091975613, -12.092312248757441, 0.007064113418002743, 0.9999527205533271, 0.006682436652692274, -5.31433502771999, -0.01170154484214711, -0.006599484584623676, 0.9999097562537954, -11.521345475070163, 0.0, 0.0, 0.0, 1.0]\n",
      "{'x': -10.549484791252986, 'y': -7.7843510157563935, 'z': -11.660991185689646}\n",
      "[0.9999974740757485, -0.002226306017041283, 0.0003088747989809489, 0.3322833675657498, 0.0022279355343504635, 0.9999830478280743, -0.005379624497125769, -11.882604112890679, -0.0002968928724948797, 0.005380299061742103, 0.9999854820129284, 0.14284271516651603, 0.0, 0.0, 0.0, 1.0]\n",
      "[0.9999974740757485, -0.002226306017041283, 0.0003088747989809489, 0.3367905621680417, 0.0022279355343504635, 0.9999830478280743, -0.005379624497125769, -129.05270130610302, -0.0002968928724948797, 0.005380299061742103, 0.9999854820129284, 12.902816997825814, 0.0, 0.0, 0.0, 1.0]\n",
      "{'x': -2.986043113489456, 'y': -10.226660177196226, 'z': 11.474389846160655}\n",
      "[0.9999921643039206, -0.003228568285367371, 0.002290780999437164, 0.043083748086394306, 0.0032068457714755447, 0.9999504535970776, 0.009423719605165134, 0.3460859034651512, -0.0023210926217261904, -0.00941629958240095, 0.9999529718097826, -0.08752037523975155, 0.0, 0.0, 0.0, 1.0]\n",
      "[0.9999921643039206, -0.003228568285367371, 0.002290780999437164, -5.450894242113412, 0.0032068457714755447, 0.9999504535970776, 0.009423719605165134, 17.592579862538976, -0.0023210926217261904, -0.00941629958240095, 0.9999529718097826, 6.904705039287993, 0.0, 0.0, 0.0, 1.0]\n",
      "{'x': -5.881731722977355, 'y': 14.131720827887461, 'z': 7.779908791685508}\n",
      "[0.9999825329309278, 0.000724177530322054, -0.005865952603845089, 0.36685660742302206, -0.0007382206773241484, 0.9999968662038404, -0.0023921983048581234, -11.893293975823344, 0.005864201844884896, 0.00239648688766946, 0.9999799337923334, 0.5105750935786817, 0.0, 0.0, 0.0, 1.0]\n",
      "[0.9999825329309278, 0.000724177530322054, -0.005865952603845089, 1.0117714730900573, -0.0007382206773241484, 0.9999968662038404, -0.0023921983048581234, -111.36869988893535, 0.005864201844884896, 0.00239648688766946, 0.9999799337923334, 14.448983252485913, 0.0, 0.0, 0.0, 1.0]\n",
      "{'x': -2.656794601140163, 'y': 7.564239869298084, 'z': 9.343232316699098}\n",
      "[0.9999924049927247, -0.0002840034761231454, -0.0038870681614804436, 0.07839454873634083, 0.0003322018973823457, 0.9999230040415962, 0.012404661637022137, 0.3408746400881224, 0.003883245905916926, -0.012405858714945255, 0.9999155039655995, 0.2802603669258638, 0.0, 0.0, 0.0, 1.0]\n",
      "[0.9999924049927247, -0.0002840034761231454, -0.0038870681614804436, 14.115950467128735, 0.0003322018973823457, 0.9999230040415962, 0.012404661637022137, -6.69815078316526, 0.003883245905916926, -0.012405858714945255, 0.9999155039655995, -4.679197230745883, 0.0, 0.0, 0.0, 1.0]\n",
      "{'x': 13.332004979765326, 'y': -10.106897184046485, 'z': -7.481800900004521}\n",
      "[0.9999990730999729, 0.0009472082384537534, -0.0009780571291879406, 0.3727502725094841, -0.0009589980809644168, 0.9999260286560268, -0.012125078922111149, -12.720047335796863, 0.0009664998063406863, 0.012126005638285132, 0.9999260101954467, 0.03725525530580728, 0.0, 0.0, 0.0, 1.0]\n",
      "[0.9999990730999729, 0.0009472082384537534, -0.0009780571291879406, -11.135961021043919, -0.0009589980809644168, 0.9999260286560268, -0.012125078922111149, -135.13851287656735, 0.0009664998063406863, 0.012126005638285132, 0.9999260101954467, -11.677542724369179, 0.0, 0.0, 0.0, 1.0]\n",
      "{'x': -14.86346374613876, 'y': -7.9380395185987185, 'z': -12.05009527742725}\n",
      "[0.9998771978055628, -0.015359132752886214, 0.0031122900851725623, -0.15567353121390037, 0.015328393437367194, 0.9998357429618748, 0.009670959130563234, -0.07926655909191815, -0.0032603164147554436, -0.009622065108642951, 0.9999483917682556, -0.13685081117804032, 0.0, 0.0, 0.0, 1.0]\n",
      "[0.9998771978055628, -0.015359132752886214, 0.0031122900851725623, -7.533685952205268, 0.015328393437367194, 0.9998357429618748, 0.009670959130563234, -0.3630216007696552, -0.0032603164147554436, -0.009622065108642951, 0.9999483917682556, 13.546606073928725, 0.0, 0.0, 0.0, 1.0]\n",
      "{'x': -5.976950640066264, 'y': 0.42964399014952637, 'z': 14.915114185709125}\n",
      "[0.9997503584027198, 0.016763208461199813, -0.014772126310040483, 0.6724462441473167, -0.017023641742956307, 0.9996986854726593, -0.017684283588672967, -12.698705483753338, 0.014471229921499655, 0.01793134424195496, 0.9997344899513247, 0.22047970183646276, 0.0, 0.0, 0.0, 1.0]\n",
      "[0.9997503584027198, 0.016763208461199813, -0.014772126310040483, 5.014048994312677, -0.017023641742956307, 0.9996986854726593, -0.017684283588672967, -133.4243252288751, 0.014471229921499655, 0.01793134424195496, 0.9997344899513247, -2.517166702319727, 0.0, 0.0, 0.0, 1.0]\n",
      "{'x': -1.7104134471604893, 'y': -6.4372703913416975, 'z': -4.7219637206843545}\n",
      "[0.9999438123546809, 0.00048094595814288907, -0.010589656489792466, 0.14434419471834925, -0.00043982340940544536, 0.9999923556199356, 0.003885261517703284, -0.04906180548873529, 0.010591444139256775, -0.003880385635185387, 0.9999363799354273, 0.044591699985330246, 0.0, 0.0, 0.0, 1.0]\n",
      "[0.9999438123546809, 0.00048094595814288907, -0.010589656489792466, 5.3479956897127225, -0.00043982340940544536, 0.9999923556199356, 0.003885261517703284, -10.629220243603108, 0.010591444139256775, -0.003880385635185387, 0.9999363799354273, 9.197573182074137, 0.0, 0.0, 0.0, 1.0]\n",
      "{'x': 3.90455374252923, 'y': -10.138602188715755, 'z': 8.751656182220835}\n",
      "[0.9998586787247764, 0.016265973131789187, -0.004247434145498874, 0.5291098866536366, -0.016354613694001055, 0.9996298227256142, -0.021742679882598193, -12.646331603228244, 0.0038921959951203245, 0.02180907232399075, 0.9997545774712424, 0.17640712222655236, 0.0, 0.0, 0.0, 1.0]\n",
      "[0.9998586787247764, 0.016265973131789187, -0.004247434145498874, 6.5188846794671065, -0.016354613694001055, 0.9996298227256142, -0.021742679882598193, -130.74325467907352, 0.0038921959951203245, 0.02180907232399075, 0.9997545774712424, -1.896713745300684, 0.0, 0.0, 0.0, 1.0]\n",
      "{'x': 1.2277858129307406, 'y': -4.2799386467910585, 'z': -3.660784967566207}\n",
      "[0.9999243942530587, 0.007328015787252702, 0.009874510736010905, 0.28873472267818046, -0.007089177253973743, 0.9996866046369597, -0.02400908318301222, -12.57521003992469, -0.010047355050736523, 0.02393726580144094, 0.9996629721873446, 0.10599855622677495, 0.0, 0.0, 0.0, 1.0]\n",
      "[0.9999243942530587, 0.007328015787252702, 0.009874510736010905, 2.774912980761981, -0.007089177253973743, 0.9996866046369597, -0.02400908318301222, -130.50671371038334, -0.010047355050736523, 0.02393726580144094, 0.9996629721873446, 1.3099616190798296, 0.0, 0.0, 0.0, 1.0]\n",
      "{'x': -0.11243424601982355, 'y': -4.754613311136443, 'z': 0.24997605681208013}\n",
      "[0.9998599181428426, -0.00892933952110175, 0.014156658754984447, -0.24177840348250057, 0.008959066836114273, 0.9999577902434221, -0.0020378549796681595, 0.06564975425020889, -0.014137864506856218, 0.002164399965119958, 0.9998977128486578, -0.07091668185592344, 0.0, 0.0, 0.0, 1.0]\n",
      "[0.9998599181428426, -0.00892933952110175, 0.014156658754984447, 4.878018906718787, 0.008959066836114273, 0.9999577902434221, -0.0020378549796681595, -13.060591636784064, -0.014137864506856218, 0.002164399965119958, 0.9998977128486578, -11.269616389863957, 0.0, 0.0, 0.0, 1.0]\n",
      "{'x': 7.295802941543793, 'y': -13.717089179286152, 'z': -10.560449571304723}\n",
      "[0.9998586787247764, 0.016265973131789187, -0.004247434145498874, 0.5291098866536366, -0.016354613694001055, 0.9996298227256142, -0.021742679882598193, -12.646331603228244, 0.0038921959951203245, 0.02180907232399075, 0.9997545774712424, 0.17640712222655236, 0.0, 0.0, 0.0, 1.0]\n",
      "[0.9998586787247764, 0.016265973131789187, -0.004247434145498874, 3.51042716737912, -0.016354613694001055, 0.9996298227256142, -0.021742679882598193, -120.95244790550578, 0.0038921959951203245, 0.02180907232399075, 0.9997545774712424, 6.298575259722165, 0.0, 0.0, 0.0, 1.0]\n",
      "{'x': -1.7806716991572458, 'y': 5.510868126776678, 'z': 4.534504037456642}\n",
      "[1.0, 0.0, 0.0, 0.0, 0.0, 1.0, 0.0, 0.0, 0.0, 0.0, 1.0, 0.0, 0.0, 0.0, 0.0, 1.0]\n",
      "[1.0, 0.0, 0.0, 3.4046597137868373, 0.0, 1.0, 0.0, -2.3053887153191086, 0.0, 0.0, 1.0, -3.6149084686860533, 0.0, 0.0, 0.0, 1.0]\n",
      "{'x': 3.4046597137868373, 'y': -2.3053887153191086, 'z': -3.6149084686860533}\n",
      "[0.9999491413444864, -0.0005034612462168293, 0.010072797585466049, 0.2534147792251847, 0.0006694874795601801, 0.9998638715829623, -0.016486057431785824, -12.152996365071129, -0.010063126300455789, 0.016491962584937743, 0.9998133569117578, 0.10100553478897059, 0.0, 0.0, 0.0, 1.0]\n",
      "[0.9999491413444864, -0.0005034612462168293, 0.010072797585466049, 4.8010571477475645, 0.0006694874795601801, 0.9998638715829623, -0.016486057431785824, -111.17290958750175, -0.010063126300455789, 0.016491962584937743, 0.9998133569117578, -0.677869661614485, 0.0, 0.0, 0.0, 1.0]\n",
      "{'x': 2.2669093554957174, 'y': 10.357054063209539, 'z': -1.6879250095041909}\n",
      "[0.9997577103876867, -0.016791587512034346, 0.014232466729139925, -0.2840179308426451, 0.016714918067482754, 0.9998452298178985, 0.005488890998287284, 0.487023728779529, -0.01432243116121426, -0.005249666581739532, 0.9998836477142792, -0.08493851553433743, 0.0, 0.0, 0.0, 1.0]\n",
      "[0.9997577103876867, -0.016791587512034346, 0.014232466729139925, -11.103956967185196, 0.016714918067482754, 0.9998452298178985, 0.005488890998287284, 5.6284913334528675, -0.01432243116121426, -0.005249666581739532, 0.9998836477142792, 9.268898712551106, 0.0, 0.0, 0.0, 1.0]\n",
      "{'x': -8.263777658758745, 'y': 0.758254045657577, 'z': 10.11828386789448}\n",
      "[0.999994871585993, -0.0004757296164919229, -0.0031670937853831597, 0.15674251403906292, 0.00046719790784447405, 0.9999962618886628, -0.002694055458935024, -11.996045565726691, 0.003168363588404262, 0.002692561983112794, 0.9999913557537078, 0.0034707163474212155, 0.0, 0.0, 0.0, 1.0]\n",
      "[0.999994871585993, -0.0004757296164919229, -0.0031670937853831597, 15.858010038665622, 0.00046719790784447405, 0.9999962618886628, -0.002694055458935024, -121.20230702697899, 0.003168363588404262, 0.002692561983112794, 0.9999913557537078, -1.3085783600389524, 0.0, 0.0, 0.0, 1.0]\n",
      "{'x': 14.290584898274991, 'y': -1.2418513697120892, 'z': -1.3432855235131647}\n",
      "[0.9999933891300095, 0.003140902327378008, -0.0018320559072540492, 0.15965000177739916, -0.0031421379520698853, 0.9999948377066872, -0.000671959125586974, -12.063616831396788, 0.0018299358916626315, 0.0006777112557490526, 0.9999980960192305, 0.0648483145423222, 0.0, 0.0, 0.0, 1.0]\n",
      "[0.9999933891300095, 0.003140902327378008, -0.0018320559072540492, 12.218438254296796, -0.0031421379520698853, 0.9999948377066872, -0.000671959125586974, -111.26942823937424, 0.0018299358916626315, 0.0006777112557490526, 0.9999980960192305, -11.976075756967262, 0.0, 0.0, 0.0, 1.0]\n",
      "{'x': 10.621938236522803, 'y': 9.366740074593643, 'z': -12.624558902390483}\n",
      "[0.9998807793687762, 0.007249949127632602, -0.013633241967172997, 0.29815532745115914, -0.007211305009380467, 0.9999698463412207, 0.0028815774112813746, -12.109621612406324, 0.01365372216468579, -0.0027829204017115108, 0.999902910899397, 0.07975517396934201, 0.0, 0.0, 0.0, 1.0]\n",
      "[0.9998807793687762, 0.007249949127632602, -0.013633241967172997, -9.684202453904033, -0.007211305009380467, 0.9999698463412207, 0.0028815774112813746, -121.44512745218191, 0.01365372216468579, -0.0027829204017115108, 0.999902910899397, -6.489098487321541, 0.0, 0.0, 0.0, 1.0]\n",
      "{'x': -12.665755728415624, 'y': -0.34891132811866066, 'z': -7.286650227014961}\n",
      "[0.9999677562926865, 0.007191921225671021, -0.0035724842972540707, 0.21152043777517582, -0.00720180810300882, 0.9999702511220052, -0.0027623958878904764, -12.07556689611807, 0.0035525110862347467, 0.002788035164365819, 0.999989803210465, 0.08995181399909566, 0.0, 0.0, 0.0, 1.0]\n",
      "[0.9999677562926865, 0.007191921225671021, -0.0035724842972540707, 10.762777094259924, -0.00720180810300882, 0.9999702511220052, -0.0027623958878904764, -109.5877736268691, 0.0035525110862347467, 0.002788035164365819, 0.999989803210465, 4.984684300679275, 0.0, 0.0, 0.0, 1.0]\n",
      "{'x': 8.647572716508165, 'y': 11.167895334311622, 'z': 4.085166160688319}\n",
      "[0.9998811638577259, 0.0047136916678420255, -0.014677849753287012, 0.2747593236720064, -0.0046310878013515345, 0.9999732770089373, 0.005656703437806363, -12.137023162960991, 0.014704121473101477, -0.005588056806049306, 0.9998762735623026, -0.216033504800138, 0.0, 0.0, 0.0, 1.0]\n",
      "[0.9998811638577259, 0.0047136916678420255, -0.014677849753287012, 8.63685812852713, -0.0046310878013515345, 0.9999732770089373, 0.005656703437806363, -115.88022139827757, 0.014704121473101477, -0.005588056806049306, 0.9998762735623026, 5.6637995975659265, 0.0, 0.0, 0.0, 1.0]\n",
      "{'x': 5.889264891807066, 'y': 5.490010231332336, 'z': 7.824134645567307}\n",
      "[0.9999765138505672, -0.0011486823301065977, -0.006756646814128427, 0.19983178149408987, 0.0011370424498212937, 0.9999978634755208, -0.0017263194550712203, -12.045269481899954, 0.0067586153710412706, 0.001718596316228416, 0.9999756834768374, -0.04889692334715755, 0.0, 0.0, 0.0, 1.0]\n",
      "[0.9999765138505672, -0.0011486823301065977, -0.006756646814128427, 11.251747378274953, 0.0011370424498212937, 0.9999978634755208, -0.0017263194550712203, -134.2674678273524, 0.0067586153710412706, 0.001718596316228416, 0.9999756834768374, 2.9282567072043397, 0.0, 0.0, 0.0, 1.0]\n",
      "{'x': 9.253429563334054, 'y': -13.814773008352837, 'z': 3.417225940675915}\n",
      "[0.9999613153661007, 0.008792089079509895, -0.00025872942586217405, 0.40941024661212555, -0.008793338291563505, 0.9999472624442635, -0.0053056132457557055, -11.892570191915983, 0.00021206835682654513, 0.00530768309541727, 0.9999858916640628, 0.10737520024406025, 0.0, 0.0, 0.0, 1.0]\n",
      "[0.9999613153661007, 0.008792089079509895, -0.00025872942586217405, 13.566302302915911, -0.008793338291563505, 0.9999472624442635, -0.0053056132457557055, -126.53952119705241, 0.00021206835682654513, 0.00530768309541727, 0.9999858916640628, -7.638021097227664, 0.0, 0.0, 0.0, 1.0]\n",
      "{'x': 9.472199836794655, 'y': -7.613819277892588, 'z': -8.711773099668266}\n",
      "[0.9999985318685531, 0.0016092874632159663, -0.0005886039408603719, 0.3688325168738497, -0.001613912729503811, 0.9999671448782473, -0.007943830923928571, -11.878754971221161, 0.0005758006946904453, 0.007944769216733373, 0.9999682740445583, 0.09503187356654966, 0.0, 0.0, 0.0, 1.0]\n",
      "[0.9999985318685531, 0.0016092874632159663, -0.0005886039408603719, -2.4896481819629006, -0.001613912729503811, 0.9999671448782473, -0.007943830923928571, -130.02520779076485, 0.0005758006946904453, 0.007944769216733373, 0.9999682740445583, 12.721389632519607, 0.0, 0.0, 0.0, 1.0]\n",
      "{'x': -6.177973350701398, 'y': -11.237658078553252, 'z': 11.77107089685411}\n",
      "[0.9999674271757645, 0.006433663961559694, -0.0048736593553543915, 0.44910835364918705, -0.0064667196550075535, 0.9999559874711595, -0.006797400788673966, -11.89577694794148, 0.004829712660795085, 0.0068286959668779, 0.9999650207817302, 0.013879127664065571, 0.0, 0.0, 0.0, 1.0]\n",
      "[0.9999674271757645, 0.006433663961559694, -0.0048736593553543915, 6.999110812828313, -0.0064667196550075535, 0.9999559874711595, -0.006797400788673966, -106.86859701002028, 0.004829712660795085, 0.0068286959668779, 0.9999650207817302, -7.0477746288945875, 0.0, 0.0, 0.0, 1.0]\n",
      "{'x': 2.508027276336443, 'y': 12.089172469394507, 'z': -7.186565905535244}\n",
      "[0.999954060640514, 0.009052004950051169, -0.003152430004264797, 0.4386840562415967, -0.009098763033589323, 0.9998438609318555, -0.015148144049324703, -11.836583519278674, 0.003014816711862965, 0.015176131366878455, 0.9998802907933175, 0.18259674623311328, 0.0, 0.0, 0.0, 1.0]\n",
      "[0.999954060640514, 0.009052004950051169, -0.003152430004264797, 4.1819680969042725, -0.009098763033589323, 0.9998438609318555, -0.015148144049324703, -117.16835106555506, 0.003014816711862965, 0.015176131366878455, 0.9998802907933175, 10.34362664625977, 0.0, 0.0, 0.0, 1.0]\n",
      "{'x': -0.20487246551169402, 'y': 1.197484127231685, 'z': 8.517659183928636}\n",
      "[0.9999693089171418, 0.0064130909779271964, 0.004500387525853664, 0.35193725783999125, -0.006334055880070828, 0.9998292115982301, -0.017361663830686748, -11.807061811403132, -0.00461096084153516, 0.01733262527635283, 0.9998391466336709, 0.09658221018714253, 0.0, 0.0, 0.0, 1.0]\n",
      "[0.9999693089171418, 0.0064130909779271964, 0.004500387525853664, 17.3052517733677, -0.006334055880070828, 0.9998292115982301, -0.017361663830686748, -110.66055353477964, -0.00461096084153516, 0.01733262527635283, 0.9998391466336709, 12.106476859771522, 0.0, 0.0, 0.0, 1.0]\n",
      "{'x': 13.785879194967789, 'y': 7.410064579251686, 'z': 11.140654757900098}\n",
      "[0.999883804636781, 0.011877637680914167, -0.009555048309475322, 0.5371737287723107, -0.012022857910516766, 0.9998108585574238, -0.015287184120384831, -11.86012961809903, 0.009371665419710826, 0.015400286808626313, 0.9998374883217137, 0.3173151992396386, 0.0, 0.0, 0.0, 1.0]\n",
      "[0.999883804636781, 0.011877637680914167, -0.009555048309475322, 6.1525192204287364, -0.012022857910516766, 0.9998108585574238, -0.015287184120384831, -113.92567954056668, 0.009371665419710826, 0.015400286808626313, 0.9998374883217137, -9.856047156968534, 0.0, 0.0, 0.0, 1.0]\n",
      "{'x': 0.7807819327056287, 'y': 4.6756166404236215, 'z': -13.02919914936492}\n",
      "[0.9996074383860549, -0.024571784886778966, 0.013460925330268526, -0.4366159058464487, 0.02485808987611971, 0.9994590821460518, -0.021531801677577705, -11.62685095288124, -0.012924569276380495, 0.021857962010435564, 0.9996775405128248, -0.028812292609057877, 0.0, 0.0, 0.0, 1.0]\n",
      "[0.9996074383860549, -0.024571784886778966, 0.013460925330268526, 7.138144304808314, 0.02485808987611971, 0.9994590821460518, -0.021531801677577705, -130.91266452499707, -0.012924569276380495, 0.021857962010435564, 0.9996775405128248, -1.198546432289032, 0.0, 0.0, 0.0, 1.0]\n",
      "{'x': 11.5043033632728, 'y': -14.644154996184664, 'z': -0.9104235061984534}\n",
      "[0.9990383020010145, -0.01611848205522322, 0.040775797615315294, -0.734870410232344, 0.01655344085513138, 0.9998093915147308, -0.010352015977543953, -11.78292133646711, -0.04060116661852677, 0.011017040218638812, 0.9991146931629199, -0.1256342273320234, 0.0, 0.0, 0.0, 1.0]\n",
      "[0.9990383020010145, -0.01611848205522322, 0.040775797615315294, 5.307473978463674, 0.01655344085513138, 0.9998093915147308, -0.010352015977543953, -123.32517468109498, -0.04060116661852677, 0.011017040218638812, 0.9991146931629199, 2.338136813785437, 0.0, 0.0, 0.0, 1.0]\n",
      "{'x': 12.656178080787114, 'y': -5.4959613164238785, 'z': 3.594479087105671}\n",
      "[0.9977114939111766, -0.04387059134388514, 0.05145042402804855, -1.2846131430324612, 0.04426985144533297, 0.998997504412249, -0.006645782956652724, -11.80984703601553, -0.05110729077672104, 0.008908276670412526, 0.9986534371022948, 0.07649956031819954, 0.0, 0.0, 0.0, 1.0]\n",
      "[0.9977114939111766, -0.04387059134388514, 0.05145042402804855, -14.99768057257183, 0.04426985144533297, 0.998997504412249, -0.006645782956652724, -126.50320436272283, -0.05110729077672104, 0.008908276670412526, 0.9986534371022948, 1.26344197459813, 0.0, 0.0, 0.0, 1.0]\n",
      "{'x': -2.1515491422472177, 'y': -8.40473400256753, 'z': 0.4984463714161347}\n",
      "[0.9991008917542505, -0.01855949789364654, 0.0381176223523583, -0.7069121389519168, 0.019569974769417856, 0.999462264520558, -0.026309653873860247, -11.984212607179208, -0.03760883118877299, 0.027031959554825298, 0.998926848662724, 0.07047285851767993, 0.0, 0.0, 0.0, 1.0]\n",
      "[0.9991008917542505, -0.01855949789364654, 0.0381176223523583, 4.251828657519187, 0.019569974769417856, 0.999462264520558, -0.026309653873860247, -129.4601895742743, -0.03760883118877299, 0.027031959554825298, 0.998926848662724, 11.02904441073412, 0.0, 0.0, 0.0, 1.0]\n",
      "{'x': 11.320950047038355, 'y': -9.618063502482226, 'z': 10.32431582555732}\n",
      "[0.9992795396907536, -0.016171501569943503, 0.034334881569751764, -0.5848588961455331, 0.01675569740101745, 0.9997185372327363, -0.016795621984422197, -12.16413010408045, -0.0340536071516822, 0.017358826291295846, 0.9992692444930683, -0.08865938728017086, 0.0, 0.0, 0.0, 1.0]\n",
      "[0.9992795396907536, -0.016171501569943503, 0.034334881569751764, -19.80928648651618, 0.01675569740101745, 0.9997185372327363, -0.016795621984422197, -107.4949017183888, -0.0340536071516822, 0.017358826291295846, 0.9992692444930683, -5.325697182602283, 0.0, 0.0, 0.0, 1.0]\n",
      "{'x': -13.960697525060848, 'y': 14.146399322415682, 'z': -4.439103309800575}\n",
      "[0.9995534624020393, -0.025201700098579218, 0.016054597853453076, -0.4755798346281551, 0.025700793794601808, 0.9991676057370052, -0.03167909159220967, -11.912966583825492, -0.015242867132602887, 0.03207756159563137, 0.9993691435318864, 0.20047737913065566, 0.0, 0.0, 0.0, 1.0]\n",
      "[0.9995534624020393, -0.025201700098579218, 0.016054597853453076, 2.331952079178876, 0.025700793794601808, 0.9991676057370052, -0.03167909159220967, -132.08264686231988, -0.015242867132602887, 0.03207756159563137, 0.9993691435318864, 13.693878234764231, 0.0, 0.0, 0.0, 1.0]\n",
      "{'x': 7.0877504254604276, 'y': -12.95298102406495, 'z': 11.689104443457675}\n",
      "[0.9998519694088557, 0.01666717270737343, -0.004271372516592168, 0.21125303156976402, -0.016679930001327798, 0.9998564731350809, -0.002968680688119812, -12.386306182953222, 0.004221279946144023, 0.0030394874271489837, 0.9999864710643822, -0.006007285026180198, 0.0, 0.0, 0.0, 1.0]\n",
      "[0.9998519694088557, 0.01666717270737343, -0.004271372516592168, -10.930618928129181, -0.016679930001327798, 0.9998564731350809, -0.002968680688119812, -110.08720162644876, 0.004221279946144023, 0.0030394874271489837, 0.9999864710643822, 7.857287879516843, 0.0, 0.0, 0.0, 1.0]\n",
      "{'x': -13.043149243826822, 'y': 13.775860203083464, 'z': 7.917360729778645}\n",
      "[0.9998064174067978, 0.008835466401005302, -0.017580166258051876, 0.23763092653296258, -0.008765970699102007, 0.9999534725880819, 0.0040262161813186485, 0.03880702729998298, 0.017614921796208022, -0.0038713295536460498, 0.9998373504413607, 0.12090797170881738, 0.0, 0.0, 0.0, 1.0]\n",
